src/B_band_aperture_sum.escv
# %ECSV 1.0
# ---
# datatype:
# - {name: id, datatype: int64}
# - {name: xcenter, unit: pix, datatype: float64}
# - {name: ycenter, unit: pix, datatype: float64}
# - {name: aperture_sum, unit: adu, datatype: float64}
# - {name: aperture_sum_err, unit: adu, datatype: float64}
# - {name: exptime, datatype: float64}
# meta:
#   __serialized_columns__:
#     aperture_sum:
#       __class__: astropy.units.quantity.Quantity
#       unit: &id001 !astropy.units.Unit {unit: adu}
#       value: !astropy.table.SerializedColumn {name: aperture_sum}
#     aperture_sum_err:
#       __class__: astropy.units.quantity.Quantity
#       unit: *id001
#       value: !astropy.table.SerializedColumn {name: aperture_sum_err}
#     xcenter:
#       __class__: astropy.units.quantity.Quantity
#       unit: &id002 !astropy.units.Unit {unit: pix}
#       value: !astropy.table.SerializedColumn {name: xcenter}
#     ycenter:
#       __class__: astropy.units.quantity.Quantity
#       unit: *id002
#       value: !astropy.table.SerializedColumn {name: ycenter}
#   aperture_photometry_args: method='exact', subpixels=5
#   name: Aperture photometry results
#   version: {Python: 3.8.10, astropy: 4.3.1, bottleneck: null, gwcs: null, matplotlib: 3.1.2, numpy: 1.22.2, photutils: 1.3.0, scipy: 1.7.1,
#     skimage: 0.19.2, sklearn: null}
# schema: astropy-2.0
id xcenter ycenter aperture_sum aperture_sum_err exptime
[from data line 390]
391 683.7684490678175 596.1869967454875 71922.06114624662 388.3737081263514 60.0
392 617.0647497929583 596.6235895596852 1757107.0926764817 7881.213998886466 60.0
393 1591.3609518123228 598.2985180325591 81.56534065111526 263.27527635881836 60.0
394 846.034417950579 600.0767249874064 44936.062589416884 299.28619182096566 60.0
395 720.4674034549407 600.8404849765578 10524.33598386679 257.731514833802 60.0
396 1223.4801333587225 600.647527665292 14692.998497876102 273.42253132805826 60.0
397 669.3907734961304 601.2781125093222 13505.862138006238 268.2110632123772 60.0
398 1135.1145311642774 602.8904540283822 23237.301094982133 278.6081369154909 60.0
399 1408.298002045613 603.3647050714 27584.016237580145 305.0031927284335 60.0
400 472.13715352452977 604.1154077365069 3889.037517937023 257.6738805339927 60.0
401 1236.7743645846303 601.6060520324062 8028.041424050996 257.38155456981684 60.0
402 920.6069503029775 605.174182989684 2244080.8226602203 8260.091152791441 60.0
403 1192.462705747229 605.2136789006128 5095.729684587695 258.2957249952507 60.0
404 1266.644259352572 606.3757081370012 6331.05382425307 257.5058836704835 60.0
405 763.791221253114 606.8749970902236 1662481.0010809302 6449.495456230468 60.0
406 52.80959594511165 610.2747757334652 7092.145926795555 327.7251229600664 60.0
407 680.0830627919784 609.760339397377 53365.64296473883 311.6011077071858 60.0
408 362.9970321368426 612.409280113931 381.0105364082203 269.6797762371991 60.0
409 1388.9999875590768 611.474534057302 -423.0707015148141 258.75419074546045 60.0
410 391.119882941334 613.1440077330539 105042.29426586741 642.7660784939294 60.0
411 895.5030478514484 615.0794395136749 35224.377286627205 279.32415130729777 60.0
412 697.796958614604 615.9904500397242 23273.082515397957 261.5647772190587 60.0
413 1421.5100030643732 617.1975194451722 429.79692002886077 260.4153855130007 60.0
414 67.75586395246845 618.152662566409 4052.3502721636755 324.67855484895483 60.0
415 858.9730947374998 618.5654735102985 17152.265267407824 260.06461556350143 60.0
416 564.112986367042 619.2283391936289 51880.58217560475 355.8724038638167 60.0
417 902.3234956660948 618.6879354697221 46565.2657802531 288.40854317801086 60.0
418 1035.2010837155972 619.8931905172311 43157.4653724683 305.38668995210236 60.0
419 869.7462629179067 621.4721422142703 13563.082484967003 253.05273798977984 60.0
420 1127.672294554677 621.6749939032744 51781.396739622825 330.42131474900066 60.0
421 1571.2577914628964 624.3085120620246 8134.030860822417 265.3170019125726 60.0
422 623.9431556262359 625.187684513816 6346.632077411644 245.4428206884759 60.0
423 647.8478637713217 625.1190445233862 22662.947817902153 271.65938967150163 60.0
424 676.5081224106603 625.2733730614927 28427.21933824641 269.5574735814116 60.0
425 784.4716412334145 627.2101280936245 64021.799873166194 329.3751872013595 60.0
426 922.3681414346959 629.1115519000622 53807.437128873054 310.2783016442595 60.0
427 1052.1709773076814 628.9742573056674 197185.21618497447 727.8445390856403 60.0
428 1336.6662760514014 630.2944321800868 638.8811840492665 255.40931175908395 60.0
429 608.686855887686 631.585325689947 6555.572003985657 258.3112516176665 60.0
430 729.9605448166753 633.1271676312729 334070.7420408322 1650.3893998278347 5.0
431 543.1005802154225 634.527260670442 4535.967629736436 252.48585021652423 60.0
432 1143.7975370483157 635.4770605904523 1924.848031249201 255.21905830452658 60.0
433 273.54061408690654 637.1030781010408 93737.57569017689 552.9495130832572 60.0
434 1632.362137857994 637.3839376385064 35366.8155817253 362.93153794933215 60.0
435 1437.297911675538 638.1026291105618 14884.70040862331 270.40895229085197 60.0
436 1523.4611570302761 638.636268359723 4258.792465311029 258.7477896324457 60.0
437 940.7276896692584 639.2624635295034 90401.53022002635 398.7020323612522 60.0
438 774.3719489696493 642.2017686090553 38325.89477403144 278.3916450207219 60.0
439 787.7009336677087 641.8432752268478 37476.13340675794 283.8288831310322 60.0
440 1025.820655220848 641.770823511376 20944.183443697395 265.4598325831452 60.0
441 1.6623159691946934 642.7372884694122 0.0 0.0 60.0
442 701.428863506606 642.7456704410946 27705.132775243474 263.1747812512213 60.0
443 1122.6307683912626 643.0999187303826 76887.22943186491 378.80472046472664 60.0
444 969.6931382099597 643.9920564286347 39388.104657375814 293.9462591102568 60.0
445 236.80537249553421 646.7602165757212 -1334.1770983687038 260.59133742299576 60.0
446 848.3909314389778 648.2913380327292 72339.15322912086 327.504537711474 60.0
447 1247.2739969391698 648.0802019268094 9932.593795900859 262.4513166217299 60.0
448 1277.1768154569859 648.500157256345 1515.6252845507001 258.1529059048253 60.0
449 1204.4903336186917 648.927090528499 10585.013163238778 253.59309825668242 60.0
450 878.180222338788 650.7761307188437 12028.823179670431 257.02910313900855 60.0
451 1499.3104023219448 652.3473378980356 -251.47368011491358 265.8521757269996 60.0
452 775.5410558959092 650.542339368448 36297.36098266541 271.1925275719317 60.0
453 820.663091293491 653.7583131565233 1395112.339191278 6465.0318794871155 5.0
454 515.8703839257048 658.8629416065592 538.2008887239801 251.77502337547566 60.0
455 1185.087959238374 659.1865771479796 86841.80630548301 439.747667787381 60.0
456 953.9887072566961 659.8226258429987 8506.824716408511 250.22659233019786 60.0
457 987.8718781385796 660.2526066268633 3674.982979118664 251.56772622785292 60.0
458 1300.3577197606855 660.1029078785102 11467.13071163715 260.2015375644324 60.0
459 656.3631741112295 660.7855731642709 6133.030487602748 258.46381459893473 60.0
460 903.4437414774153 662.6792583466793 13510.86688181525 273.22407373583764 60.0
461 622.5925616716264 662.653897612174 9877.500756010708 265.53040461710725 60.0
462 1581.1782260455227 662.8347760080628 18899.87058291221 292.16113480130394 60.0
463 495.5474431623315 664.9583262351863 4021.756704722256 253.0893902913496 60.0
464 791.6731025956817 666.1129428891456 70160.36826870686 350.64238245923605 60.0
465 430.53432964512285 666.9159497212921 2028.145007607127 261.10793946854255 60.0
466 1122.3985459260364 667.1241094267473 14997.289116937922 271.6351628122465 60.0
467 1154.9720196618596 668.8664832490825 2141.536018681976 258.4732239447499 60.0
468 1523.5841134178927 668.6786699227547 7833.978883249869 261.7411255599328 60.0
469 840.8262098383565 669.7338453373011 180854.80420595134 678.1183431748162 60.0
470 884.1000270940335 669.6189126497516 789570.6550552541 3062.37226129913 60.0
471 917.9533136609903 670.98555946117 16063.428117248692 261.8625784721741 60.0
472 1647.992722423156 672.7315505742018 319417.631460904 2042.7784060062038 60.0
473 39.59960091507028 675.2799646253519 -2873.0950667115376 509.0478694285307 60.0
474 942.0389391214871 675.2416492813471 6702.35501024189 252.58629818871825 60.0
475 24.24563061468776 676.6054993260717 -1646.2667092550214 401.22956020442183 60.0
476 758.2088392837409 675.5780108731416 385099.65178480104 1555.7572702687116 60.0
477 1110.9789052423066 676.340359560468 10770.311214545249 258.6337230985715 60.0
478 121.93541423857725 677.6060561096556 -2254.128094961614 292.75997428186867 60.0
479 310.05888383098227 677.6282359271836 11745.262947437663 290.69990350810724 60.0
480 776.9902337705582 678.3130338523199 38130.04481304243 328.91834681001893 60.0
481 564.9375360837577 680.4301491810327 22864.96025904274 276.450254075401 60.0
482 59.47359484269428 680.5101331273149 -3775.1031995868416 320.2404052425407 60.0
483 401.71217159966267 680.7718005197705 461.27515779716305 256.78870903580747 60.0
484 1632.22711390767 680.9907056938671 5016.571254716346 273.68843563496984 60.0
485 1329.1194954313985 682.1800393464896 60511.51101939603 385.0675386155418 60.0
486 914.4814354304287 685.3093963472895 43222.68945299833 304.08242264967 60.0
487 874.0065211804625 685.7510712758295 235284.92840403382 904.7405980423581 60.0
488 1109.2823893941297 686.7891438957118 18674.816751666847 272.6080962535623 60.0
489 1093.5254629055612 688.1581667661088 83139.7220821894 408.04469537969703 60.0
490 533.4662276586765 688.2821602420292 3526.926778190672 255.56279385240362 60.0
491 701.0732030474193 689.5399084873304 25585.6280301527 270.43911486967465 60.0
492 774.0014141624422 688.5742464920363 35043.736387601035 282.4986068491986 60.0
493 847.0495901961897 688.9796364784697 22300.487985037296 265.39362816731636 60.0
494 884.2371172467438 688.9409748383154 122466.23064649348 570.3792038173902 60.0
495 919.16826914749 691.3305479289598 67097.33312826537 417.23432496326654 60.0
496 1452.9373088193602 691.9391120358966 15631.18989657871 273.70531367080423 60.0
497 161.5626323855628 693.0346745318999 -2123.3244856632155 264.827531109764 60.0
498 623.8057906924302 692.9536963603903 36762.268053587904 305.46848795158456 60.0
499 1030.1643365540885 693.9359708737542 4303.717522660325 254.6521799023185 60.0
500 823.9608238526447 695.254646014361 24807.113550280796 254.18290484828958 60.0
501 795.1324267723944 698.1745096886891 14698.757887852746 263.13601201559976 60.0
502 676.7624300966196 698.8183243375322 15520.851434961452 259.5023070983676 60.0
503 746.8662352798178 698.622069908237 57969.179446000824 326.70109892379645 60.0
504 977.3966751253214 698.5154106732784 32339.600605014675 284.8704930182932 60.0
505 411.83890685590467 700.3769115545431 114325.22858419454 743.283446564676 60.0
506 729.9172852919966 701.0604980457072 88866.62149400037 990.6560641528268 60.0
507 858.4736106793954 701.2491085141368 26164.398660695937 265.66699030906926 60.0
508 498.99003146861395 701.5007196792336 48950.37538742293 380.6863645450154 60.0
509 890.9853112487311 701.562845475694 15215.626234319938 263.53443295647656 60.0
510 1573.0282952543148 702.0057653846127 9698.071216142282 276.0949699100865 60.0
511 916.497751540926 706.3541896631124 542020.6540367287 2181.8514229502293 60.0
512 994.390146380362 705.6910120932434 4391.940224782944 252.7031563481206 60.0
513 712.5078773755571 706.6642104951313 2237337.33595907 9581.641771547937 60.0
514 654.4284221754191 708.9836113538478 7474.001288449323 254.42788850999895 60.0
515 798.6942637618532 710.8145017213626 18558.197483044707 267.96091909364264 60.0
516 963.1916627684288 711.3482272743057 52997.33168125283 317.5279493367668 60.0
517 574.0532366424669 712.2843250944936 8673.188118788059 254.89338448104994 60.0
518 1065.6085918557337 712.1374535810337 15819.366644036814 258.3748336762988 60.0
519 1513.7356093225562 712.8966331534505 875810.2075379426 4863.6078600029705 60.0
520 629.4316335429023 713.6267961699357 518588.03717146005 2446.896426549303 60.0
521 1480.6144660133086 714.9442525302038 69958.96353931291 472.16283577223766 60.0
522 358.29782638094497 718.4725167194927 1924.0897617480227 253.37969550633366 60.0
523 842.7304785239925 718.131794925869 460222.8548702158 2157.2507408541833 5.0
524 999.0814794411582 718.9064490421189 8031.649544516621 258.8749592880162 60.0
525 1642.9220538111515 719.3182537053082 23939.476791984605 304.5306279020308 60.0
526 524.2349271873971 719.6864435733482 2533.9384619948887 265.3787496473452 60.0
527 706.4565782425384 721.7621110840936 270240.1817187827 1260.7169385626357 5.0
528 823.1227560287201 721.814792729557 1408011.6461293208 5237.323483691934 60.0
529 915.169354253087 721.3578851441803 126560.44941033766 487.17755976950133 60.0
530 1097.3467473906483 723.1592654387939 1693.4699719870885 255.81203810938987 60.0
531 1197.0717186257095 724.214995031665 9563.710271684586 260.1615856332773 60.0
532 604.0329395259272 725.9212656676993 33749.03464443183 300.4206673501539 60.0
533 1374.8505931064078 726.3644730305899 4580.15545678333 254.2840239589219 60.0
534 769.2698768810064 728.4113833561131 57770.79999577897 306.8543097501169 60.0
535 1599.1583626420988 728.3395167321145 1199.491825399331 264.8350903680929 60.0
536 1208.9861260684127 732.796901545519 8474.992513712661 260.6113538088718 60.0
537 1422.5811310976658 734.5961780921181 4113.66724287233 269.97050169785336 60.0
538 459.03236099390136 734.7286095675926 79746.06639626881 552.1039432393343 60.0
539 653.8310371132209 734.6962830573387 371397.9915408436 1758.7974146658776 60.0
540 1044.1228935051133 735.1641762271186 2316.1222024655294 246.33871953451387 60.0
541 730.4799463385247 736.5251808061882 290770.6572063888 1426.6037607847043 5.0
542 574.950817689804 738.8792436386836 12041.630617622948 267.9033617726619 60.0
543 1340.168356496546 738.5635289553587 -1495.6415057220222 260.41892892226053 60.0
544 1226.0270728027283 740.4499055510273 4603.44096925068 256.30345909942054 60.0
545 683.9720964055379 741.0148538716844 26745.725604000145 314.75764993746407 60.0
546 852.9404794655592 744.2377719389591 190778.3510004287 771.5381856934904 60.0
547 133.73516864369364 742.1865228040328 18049.08552857184 357.4339045691446 60.0
548 1319.2390601729435 741.9967893695856 150.76118435694772 260.76920085927145 60.0
549 709.4981974749537 742.312952004289 96231.143924106 366.19930570859043 60.0
550 932.7815683197366 742.840326966569 6300.018622287215 256.9242493700208 60.0
551 1030.1757740351882 743.0712054426997 3025.260364236564 254.14149278706918 60.0
552 1152.6095210162712 743.0672173374949 13729.182745046652 264.519629141363 60.0
553 505.0973472606093 744.350913746769 53416.10435382761 386.5012910421625 60.0
554 860.0520440207939 745.9038174057014 249080.29596583056 916.2695927895519 60.0
555 1214.2537216145847 747.397619163488 4136.523968478534 268.7315074477561 60.0
556 849.2315351613541 745.617274452081 115621.41257400531 649.0601342390598 60.0
557 1250.0294145850448 748.4079328991621 11098.091754267716 258.92218339777213 60.0
558 365.72615395176325 751.6842613596449 21727.368313981453 299.224993050587 60.0
559 608.8070898230147 752.0122992848663 10835.31044578202 264.80548725936825 60.0
560 656.9713145269708 752.2368167123617 23935.740519252322 352.2403516238085 60.0
561 1009.6609555655583 752.2900408939939 1047.2214277828652 239.37946346602985 60.0
562 686.4944193611917 753.3329548370508 92435.52663935896 464.11053053706655 60.0
563 1182.229592582242 752.9124955446619 7914.728745488208 257.25899551463357 60.0
564 386.44132268941 753.9113134710145 5977.994635562189 256.65837622579477 60.0
565 1091.6370047199455 755.7197962472924 10682.164483590794 247.4897430628684 60.0
566 60.25114414626153 758.5197556636415 1637.601425343664 330.7422857965634 60.0
567 634.1289788032396 758.497419185747 4237.161705196957 252.1201971295835 60.0
568 759.5998761834809 758.0547177649703 1384834.716852603 6062.070630121133 60.0
569 819.5489810692939 764.2661953345704 61303.83892458125 588.3955518217117 60.0
570 1567.3295817511134 766.4997957645455 739.6209697358856 273.8300301153985 60.0
571 833.4971371609039 766.7465202585183 18196.12071204384 269.91900829894365 60.0
572 868.7296070599839 764.2414210330822 2172998.136488552 9443.249819583907 60.0
573 1024.1399859840885 767.1813149129392 1320.7614704923735 263.53367062276806 60.0
574 302.4052305955814 768.3633925419289 359.7511683307755 252.38979691321816 60.0
575 470.21807303805866 769.9506789292942 1267.4004843359978 255.80590446603804 60.0
576 266.32085911488 772.4094805571857 1321.1548302704177 267.3322466075558 60.0
577 711.7138765043046 773.4490302471612 72667.10519942932 341.40308703199867 60.0
578 808.9082364360057 772.9483897224185 330009.8963158729 1428.6170305961214 60.0
579 1150.7919054978784 772.570011046415 4263.541122903286 240.3987620221809 60.0
580 719.279947915827 775.3981976144051 84740.88123192944 345.67310558155697 60.0
581 669.7330786867275 777.5541062331658 1737317.8076809682 8308.768544241568 60.0
582 1203.982518942986 779.2120523664069 658.1321232589626 248.2986639789537 60.0
583 1295.5086080998442 778.5074433251723 55636.87597396587 433.0866841919426 60.0
584 752.9128388174494 781.2715763695098 60920.40990925218 329.23456889476404 60.0
585 1621.036758228143 784.1597156145382 41870.93654950557 391.6618541929939 60.0
