src/B_band_aperture_sum.escv
# %ECSV 1.0
# ---
# datatype:
# - {name: id, datatype: int64}
# - {name: xcenter, unit: pix, datatype: float64}
# - {name: ycenter, unit: pix, datatype: float64}
# - {name: aperture_sum, unit: adu, datatype: float64}
# - {name: aperture_sum_err, unit: adu, datatype: float64}
# - {name: exptime, datatype: float64}
# meta:
#   __serialized_columns__:
#     aperture_sum:
#       __class__: astropy.units.quantity.Quantity
#       unit: &id001 !astropy.units.Unit {unit: adu}
#       value: !astropy.table.SerializedColumn {name: aperture_sum}
#     aperture_sum_err:
#       __class__: astropy.units.quantity.Quantity
#       unit: *id001
#       value: !astropy.table.SerializedColumn {name: aperture_sum_err}
#     xcenter:
#       __class__: astropy.units.quantity.Quantity
#       unit: &id002 !astropy.units.Unit {unit: pix}
#       value: !astropy.table.SerializedColumn {name: xcenter}
#     ycenter:
#       __class__: astropy.units.quantity.Quantity
#       unit: *id002
#       value: !astropy.table.SerializedColumn {name: ycenter}
#   aperture_photometry_args: method='exact', subpixels=5
#   name: Aperture photometry results
#   version: {Python: 3.8.10, astropy: 4.3.1, bottleneck: null, gwcs: null, matplotlib: 3.1.2, numpy: 1.22.2, photutils: 1.3.0, scipy: 1.7.1,
#     skimage: 0.19.2, sklearn: null}
# schema: astropy-2.0
id xcenter ycenter aperture_sum aperture_sum_err exptime
[from data line 586]
587 739.9801198650445 786.2130574458295 61773.71001231081 342.54587499172476 60.0
588 542.9538630286598 786.772801429449 -249.2391274656539 250.4617701948486 60.0
589 485.707257784168 787.6775072939106 5501.949406808433 248.8779618863948 60.0
590 838.2956035998609 789.5856359641958 15095.468960017093 262.99741829073326 60.0
591 900.046356565019 789.368408611064 9806.324553271526 258.2797450058202 60.0
592 868.1509669481976 791.4331681339992 10224.961316089546 255.3835204536681 60.0
593 1078.9594322053317 792.509504927133 188.67388151664363 243.67431371833484 60.0
594 1279.7288243458934 796.033014005666 1063.6640784269946 250.82627016215358 60.0
595 1309.6381375594276 796.0966248564106 42055.741883248935 376.30818532854187 60.0
596 799.8560884906698 798.0167117300481 9886.94693088713 264.0228582850797 60.0
597 716.2890540242397 800.2917029670047 98291.06225773701 496.0049717940451 60.0
598 1047.3331825159958 801.2496765494988 3604.087809480658 248.4586605104877 60.0
599 545.8309112485397 803.1967814466359 5752.703681435914 264.26952044616735 60.0
600 1506.2584894323898 803.2545529205076 52117.67138929661 420.7936910150379 60.0
601 826.6357096165758 804.4669202192036 23051.62071763154 282.23725847131436 60.0
602 885.8934812011412 805.1061579843387 20430.77952735395 267.49797342405924 60.0
603 1331.7775432745555 805.8670106859661 910.073356906738 254.8950232952666 60.0
604 362.61423374194464 809.3043589240867 -2019.01439594968 251.30934791170446 60.0
605 834.5062757644807 809.5896925367097 35740.21004150234 292.08817778296327 60.0
606 289.3692286774029 810.8927736158631 3057.6680133056084 263.28233312997037 60.0
607 747.0632001965363 811.128731877516 2460255.842005823 11240.710604822583 60.0
608 243.25375726945651 812.4800824548398 -1941.4960563638024 258.4775204299707 60.0
609 866.8372396576175 814.7796252157046 181525.74861919985 794.6243944352628 60.0
610 905.8924590477396 815.4122113342221 7572.127464793973 257.38043515101515 60.0
611 431.8915912381902 818.1507076710069 2069.4457308162678 259.73639523430205 60.0
612 602.9518289186416 818.3960673860606 39424.02736614939 335.910765902967 60.0
613 563.018417891286 819.8925807091729 39142.837357670374 356.73793773059435 60.0
614 1020.2085424988159 820.9431655567693 645.2688036306225 247.89295261419497 60.0
615 1063.7631350566858 821.7624274050886 3720.4555305464914 254.17220855648762 60.0
616 1081.6319625997082 822.899755320384 69737.45207246367 415.773659464911 60.0
617 732.3105256317554 823.7651419320855 51776.250098378136 336.1348067855393 60.0
618 843.4794806959395 824.5629498871765 109733.7945996008 515.9129366621163 60.0
619 954.2012624119442 824.393920009821 3779.388772591973 265.54456084320964 60.0
620 907.7726748533821 825.685051417389 16023.074557696857 268.4227787204145 60.0
621 647.6481320579829 826.5458366624922 16656.656992199587 266.4709918634712 60.0
622 1588.9842964637185 828.2849926389079 1579.3225357833317 272.20707467961313 60.0
623 985.5916364256169 833.3610192435096 662384.456729961 2898.6812732649328 60.0
624 584.1515311310242 834.1551471792608 53025.064426809666 394.4622844687629 60.0
625 795.4269677789486 834.8917298722466 165583.58282368738 781.4650798772464 60.0
626 936.8438887048321 836.1399333916197 30607.474646414234 280.97799820618394 60.0
627 624.3320675586668 838.1545853315264 1526.0469504587927 245.02428976430235 60.0
628 391.89976698043625 842.0503146033669 8018.508797493825 265.5518303180755 60.0
629 735.7769454550198 846.191946940678 31034.637725466557 284.6959506888258 60.0
630 32.11246157450696 846.9967492542456 3842.6302085637485 655.9403928411814 60.0
631 500.4140091264164 847.6016835677981 1622.046580674405 251.54625526698666 60.0
632 858.7035365882062 848.5582346194699 13378.731231546592 265.98720823195333 60.0
633 744.0013129764272 852.0836305547177 35456.82710545675 299.71278709766443 60.0
634 886.3804065704825 853.048151903322 27188.09067507988 286.0903691285469 60.0
635 821.1512396485979 854.2864931355751 2059.4318144769577 249.21645657062874 60.0
636 144.81755046056125 857.3532500035212 -2413.1118352458134 258.3491855338751 60.0
637 576.9853174801317 856.8389419829849 35083.524949423365 344.05985129380093 60.0
638 796.6155858070662 857.5259787366169 22776.390412916822 274.16495837495745 60.0
639 1070.1420029853405 857.5408621395047 333.92036500560823 252.84319794504137 60.0
640 1622.2188054788758 857.714205116134 10108.170364853213 296.4111291430267 60.0
641 1233.090455879292 859.7256972203685 6859.818450539176 264.59310669941397 60.0
642 623.4157681280777 860.6307909931237 25669.312458196375 300.3231347823485 60.0
643 235.771583440419 865.978937671182 -1200.2496944781792 261.5439900212352 60.0
644 832.7082295486913 867.7601393748228 46467.8906874928 347.8417397852932 60.0
645 889.848316464547 868.8019466737318 43587.44092506595 325.95455230452967 60.0
646 1564.7373725493333 870.9496729011942 1053.2126770519203 268.71411523179586 60.0
647 712.352395352541 877.1610303037467 8967.994071475083 251.88376258907573 60.0
648 1328.6898103753429 879.6541622333959 789.2020231599105 252.40563661091727 60.0
649 498.1502866468657 880.6168371067896 2981111.9051698158 17745.680950482565 60.0
650 545.5992878844842 880.9186514747709 3908.920185590162 258.4636354929924 60.0
651 770.0962449613452 885.0224674083851 46879.28160307392 354.89107792190606 60.0
652 884.0785913614559 884.4815633290871 7142.517895007972 259.9190079146764 60.0
653 931.3536365409391 884.9448816313823 191120.1427319716 756.4832680288246 60.0
654 468.1702009154799 886.3239626218738 7492.974726884205 258.10560228957553 60.0
655 1385.2379840589415 890.2924340220545 8133.12956617533 271.0964448405706 60.0
656 811.46311092304 890.96899117491 1747.1320153837494 256.00804608621974 60.0
657 1473.8395409445013 894.2323054445434 1899.4910944848868 264.42941896176285 60.0
658 476.99567542344 895.9997213421324 10488.663977770862 269.3011467776474 60.0
659 574.3477086910785 896.0444509702264 13516.571527119835 264.783821550249 60.0
660 685.546167948838 897.1461874103168 2242.068230502925 245.39847480232945 60.0
661 786.1624623288726 899.3265318352485 21657.515972485024 284.40900075665627 60.0
662 632.6356536234086 899.8618882765242 5411.502364358503 252.65097243054322 60.0
663 1027.466436402221 899.7174034410565 1852.1636229391042 249.73805627992073 60.0
664 486.89634178836474 900.9798949285944 14559.627707796786 269.7627071172526 60.0
665 524.97425183055 902.3630637603314 15395.602792738027 267.606183781717 60.0
666 1110.075141980886 903.9689370870984 38042.15453488978 315.20806773353286 60.0
667 614.2962684532142 904.999742807899 93667.06265771507 588.6173036846351 60.0
668 514.1418086892818 907.1035157106118 7942.402165821274 258.5594000580259 60.0
669 959.8358821342716 911.8770572748097 5498.1494562318185 264.2036670362905 60.0
670 105.76761119591436 914.9030697297309 7170.348501741411 330.03700012898906 60.0
671 835.7678273992528 917.0412385686583 145767.85777254583 749.4569092247535 60.0
672 1330.360183169172 917.3411739120522 4193.691407891625 266.7358998799396 60.0
673 1035.7248557713797 918.474473399116 114810.69102692399 608.7231600890951 60.0
674 654.0303488497816 919.2816457183883 9315.229850644957 263.03938595864355 60.0
675 678.0203564143583 918.4607924844969 4322.292838494932 256.53509355061874 60.0
676 1225.1069181882285 924.5502982221399 571.2216721571447 256.8927732194192 60.0
677 1203.2756572885403 925.8981383436541 -416.99771481973835 254.0772172056232 60.0
678 960.860261175167 928.3799618480922 -169.1682825021322 252.79596887884514 60.0
679 1526.646790892168 927.6810403370832 85394.3463858825 616.6133304011473 60.0
680 268.3163130423929 933.7756613495455 -3464.700570845491 264.29413915896606 60.0
681 420.8994590698568 935.1050062520917 1399.4391664474715 256.2966020954914 60.0
682 1394.116019516589 934.930268485903 1967.297959701977 254.71152121617965 60.0
683 991.721251744868 936.3463000548339 33681.18941129322 315.70437363800517 60.0
684 1128.6704369724139 942.3441551937364 953.2869418948567 265.93436833344117 60.0
685 1595.0276190188376 941.6631638803983 38331.778027571294 379.78878274667625 60.0
686 151.68752181105836 944.3430687536443 2091573.3264731031 15946.08485940531 60.0
687 1047.5669536067173 944.1192106028863 4218.884245257592 268.13881452009673 60.0
688 1567.139829814592 945.0512962204979 606.939535611975 270.5135887254852 60.0
689 786.3090957355871 946.7172765042678 -5.039451592943124 256.25990769016255 60.0
690 1163.5613705570952 947.7357663341974 358.9795068214877 262.0118846690219 60.0
691 1356.5707538870251 948.3005366287426 -1033.9282051403077 254.0132815374518 60.0
692 934.2290863596163 949.8043793697973 261462.3428712936 1402.1465567470457 60.0
693 1399.0028177763918 950.6010384780623 37235.996324139356 344.88737032147594 60.0
694 997.3271470492891 955.8463832606135 11865.122367305139 254.21215641223935 60.0
695 171.71061721251758 956.762381697291 14181.37921472092 297.8179202118255 60.0
696 514.8839249247379 958.9255680236992 155952.03649685465 1000.5266617289319 60.0
697 448.50173284349216 960.8989913174247 -560.9210424990868 265.42615131834657 60.0
698 51.417258500488295 964.8112582054541 5881.549238321596 343.4346984458202 60.0
699 1043.1251229018487 964.853117449316 23979.78783359506 284.3393744377668 60.0
700 965.2474513871267 968.6398101066235 700.5396823817184 247.56376470214482 60.0
701 1600.9520363038657 969.118242582188 34197.68161681155 383.3877114555848 60.0
702 1152.5089411166448 971.5206338505334 -413.33145790536156 247.34657800902315 60.0
703 551.6617179792312 971.6688501612942 9053.348958649258 272.17615061248733 60.0
704 62.03509804122538 973.5017355360039 4433.825876661857 329.51586561005735 60.0
705 1087.2244513448584 975.8472042221148 2747.1149668669145 260.9306850538994 60.0
706 219.83116910650392 977.1338060823772 482.5633788319764 257.13126267521517 60.0
707 826.568053257808 981.2816182152128 3455.471571029818 259.21132315014097 60.0
708 1015.240667614006 988.5951702205665 3091.9779174325204 248.52233707148102 60.0
709 240.8206304310111 989.5986466003541 811.7887206832997 265.4552198471747 60.0
710 918.4302645284887 989.7622602487089 84.12614354200417 255.94939843862494 60.0
711 1071.660967243625 991.7526881068036 72071.21215515412 464.2674972350108 60.0
712 939.2079521980905 993.4142803926125 5436.8979521117635 268.494318729503 60.0
713 290.536843273049 993.9828109668915 3172.4223141979596 276.08438691099775 60.0
714 588.7372427646814 997.0595073898247 85222.6445545841 557.5354735838811 60.0
715 693.9976869826733 997.1200888192166 9462.568187485916 265.6639864297623 60.0
716 1039.635074232371 997.3502975894512 4768.010593403129 266.6831778469159 60.0
717 752.2955076817301 1000.2842172475126 17841.52112664286 283.8168949415534 60.0
718 1353.721261203241 1001.8384592464715 155445.386112741 962.3425503021145 60.0
719 503.0474021974909 1005.3345772258942 3348.0426494754183 254.45632583433377 60.0
720 984.2016097273078 1005.107792197127 4421.971165394496 254.9792858060382 60.0
721 686.4719103922549 1007.0885922404906 12622.504841963924 275.00351223997944 60.0
722 1252.2742595562815 1008.3246515507665 2682.2325990644817 262.0039016021917 60.0
723 204.60334694553106 1008.6993829444513 -1923.0581335592447 260.11888061364675 60.0
724 1145.136471794591 1009.7669975069903 6887.202596721324 275.76176236199103 60.0
725 168.52506751585943 1012.6104690269572 -1085.5016990620766 255.2379620599849 60.0
726 605.0946356641185 1014.0983568054505 8287.193220082445 277.403005607237 60.0
727 1372.473954954218 1014.6132751109911 1568.8481972457544 266.3286202637878 60.0
728 779.4219356198179 1018.7851911764797 31852.542866303287 327.4567627722647 60.0
729 1132.5628584802719 1025.3166363122978 14114.840760884015 264.805448730192 60.0
730 980.4413729699963 1025.693610310982 26364.83989191563 316.50636595244424 60.0
731 1098.187571984217 1026.5202166101235 4529.288433664142 257.3207472571543 60.0
732 499.7552314314975 1028.1192049692568 466.9938784768377 254.76141918038311 60.0
733 1502.7548290527347 1028.967123704119 5715.542304740893 278.8283578239763 60.0
734 571.9606808962282 1030.1463941046516 3814.5308466266715 263.04129228427735 60.0
735 866.683817257396 1031.6145737345735 44746.49390348637 374.0665124953308 60.0
736 115.61989290612009 1033.2350614096656 25717.142906694477 377.00964675629945 60.0
737 1627.9802232478557 1033.2506715848876 11117.778742432329 304.6683402126765 60.0
738 544.6499187358437 1034.5820858937568 2221.407680083707 252.92256023209086 60.0
739 713.5152940009228 1037.6682545837841 -770.4138354062273 258.77269544338634 60.0
740 144.38147372479904 1041.0613178721105 26734.259526022233 386.02994552156326 60.0
741 1530.3565057204155 1041.8374428425548 571.4499906146007 279.2116878778154 60.0
742 349.25531778288547 1044.5835230778512 455.28338292091473 258.36563770092283 60.0
743 192.84953052237617 1046.3190601745728 20843.535223562303 316.6789893790713 60.0
744 1123.958410074987 1046.5469807885052 5617.7966754533845 256.5428505967323 60.0
745 1420.7456080838404 1046.1559698993988 15298.107932519473 283.34968201336414 60.0
746 89.32393527993419 1047.7601366986144 290.7976385466145 337.26537893964183 60.0
747 1101.1877866713999 1047.3977871128793 -2442.8123845243954 246.1512755189065 60.0
748 543.0045145684788 1049.693201537183 8158.148884954131 273.8199331721643 60.0
749 1010.4690138288037 1051.8321687287346 1344.0819361247652 254.2277219730914 60.0
750 578.2821874072941 1055.8140553107514 15476.787699351707 290.7584014995779 60.0
751 289.87784943796197 1062.3140387415735 8453.55710911317 277.9613423518767 60.0
752 1148.4420988527277 1064.0207451522995 4050.747369964215 256.51460543823976 60.0
753 480.94327507200967 1065.1750637612402 12723.166282207963 275.1240939172684 60.0
754 922.425764352494 1068.7929365166938 17305.76683571309 287.22588495289875 60.0
755 541.1701692361167 1071.1402343789887 5190.870162350573 259.64407221817635 60.0
756 1011.2323903482704 1082.0058618728026 2410.2867008092167 255.33265154292974 60.0
757 83.61972727171549 1085.8256422794873 11328.319165990928 323.61818087877305 60.0
758 498.007110963507 1085.75825190933 24733.059838538717 320.0485163104203 60.0
759 1258.3673842416674 1086.6409127613338 8.908293370082276 267.0887030985845 60.0
760 598.0548703748979 1087.6091071333499 -218.7018613438804 259.88104363043374 60.0
761 1071.3302517469967 1097.8714671773016 259.027043550982 253.10474314641914 60.0
762 1129.322825557253 1101.1377860508062 -2047.4039258728171 247.80446029492563 60.0
763 751.8712160310315 1103.137886211464 24079.187288557092 321.6983822124554 60.0
764 465.61874263710297 1104.9771319075755 -2261.3568886795415 249.26203136091323 60.0
765 1192.3987731072818 1106.3234072057273 5261.606647698501 258.1840621507508 60.0
766 394.13175282045955 1108.3344140457912 9177.341290675307 277.2833686209451 60.0
767 246.50495350962643 1109.7048730982008 -727.1347553937071 265.46114154499486 60.0
768 313.70919353365963 1115.2306916572757 399.12697199234265 265.2455476146338 60.0
769 554.0572710919754 1116.2336310367111 -1576.789078417562 247.5927461100861 60.0
770 1229.3393732747923 1115.5591145745816 -1382.4321880119653 255.70458575925247 60.0
771 1422.7758311986531 1116.949103746085 474.2913418746082 270.0892744549926 60.0
772 624.546621990196 1121.2390024033516 4547.886007332754 260.7285221257985 60.0
773 1451.7628795182413 1120.656851496707 -1498.8397759284958 278.9589834318451 60.0
774 399.70575646881093 1123.7122033242392 -1248.792443260677 256.59357861891135 60.0
775 210.80301356112759 1128.363745554193 1486.58928585076 266.78778791079134 60.0
776 310.71233559443596 1128.1186298598643 8869.53847913266 276.32590392008814 60.0
777 469.7314972675677 1136.2537409416739 6239.3526096907735 276.7117684691929 60.0
778 1229.5347698267753 1136.1449583237265 -1473.93106060552 267.16065832888717 60.0
779 1279.1270509363676 1136.497444486334 2284.294740953009 274.93017739390945 60.0
