src/B_band_aperture_sum.escv
# %ECSV 1.0
# ---
# datatype:
# - {name: id, datatype: int64}
# - {name: xcenter, unit: pix, datatype: float64}
# - {name: ycenter, unit: pix, datatype: float64}
# - {name: aperture_sum, unit: adu, datatype: float64}
# - {name: aperture_sum_err, unit: adu, datatype: float64}
# - {name: exptime, datatype: float64}
# meta:
#   __serialized_columns__:
#     aperture_sum:
#       __class__: astropy.units.quantity.Quantity
#       unit: &id001 !astropy.units.Unit {unit: adu}
#       value: !astropy.table.SerializedColumn {name: aperture_sum}
#     aperture_sum_err:
#       __class__: astropy.units.quantity.Quantity
#       unit: *id001
#       value: !astropy.table.SerializedColumn {name: aperture_sum_err}
#     xcenter:
#       __class__: astropy.units.quantity.Quantity
#       unit: &id002 !astropy.units.Unit {unit: pix}
#       value: !astropy.table.SerializedColumn {name: xcenter}
#     ycenter:
#       __class__: astropy.units.quantity.Quantity
#       unit: *id002
#       value: !astropy.table.SerializedColumn {name: ycenter}
#   aperture_photometry_args: method='exact', subpixels=5
#   name: Aperture photometry results
#   version: {Python: 3.8.10, astropy: 4.3.1, bottleneck: null, gwcs: null, matplotlib: 3.1.2, numpy: 1.22.2, photutils: 1.3.0, scipy: 1.7.1,
#     skimage: 0.19.2, sklearn: null}
# schema: astropy-2.0
id xcenter ycenter aperture_sum aperture_sum_err exptime
[from data line 195]
196 1375.0714311550219 321.8478537335536 6256.705013976662 265.39029996728885 60.0
197 286.2726487185626 324.2513095381528 -266.67677293787017 252.124285062439 60.0
198 1116.451650253048 325.44831810991786 6465.651900193396 247.65712822475345 60.0
199 183.77008954981014 325.3885918830198 -893.3350633910333 261.2978907139173 60.0
200 88.92124679570813 327.9054595471546 11467.22560680209 334.6819401832235 60.0
201 79.71154470953776 333.0943575250146 31674.37328594738 355.3228479143844 60.0
202 943.8271166661557 336.69146750222325 6773.438629833394 254.62261916895383 60.0
203 490.4063064647097 338.1690477533716 5343.286979550932 259.032299452084 60.0
204 1346.1479189142508 339.38109748792573 1784.9518708052497 258.2863774587834 60.0
205 760.5773174652542 341.56796585456794 6413.896367289206 262.19146306267163 60.0
206 616.1571958534896 344.4267029323549 1194.2358047242824 240.94648564376976 60.0
207 1070.6216999791654 350.3020799303158 112972.87349386963 489.64942451083874 60.0
208 969.2517595234161 350.82583880444406 5831.267015074127 253.4348220742568 60.0
209 30.412370948731596 352.6048630558465 -331.04924412618635 539.4585589522595 60.0
210 1537.2443238523417 354.3054802209135 36518.2560159913 418.8448872015702 60.0
211 281.4431057538058 356.77643621409817 963.0668892050746 257.46239134909604 60.0
212 417.50729343286196 359.3166033756889 4911.433088687049 250.62028951067526 60.0
213 890.4488722012019 359.53880641441947 4880.325123709423 260.52827947805133 60.0
214 1313.0650970197019 359.81833930737065 3126.044108694864 261.19847778246736 60.0
215 1339.9949511588989 359.71369947018235 3435.423765039376 257.26667110032326 60.0
216 597.0779109362205 363.69716994663105 866.8506102768022 250.34246104958876 60.0
217 318.0114478776377 364.99648363178187 6150.735292993948 281.7221582862799 60.0
218 1231.8726914220756 365.9845830644823 11696.69598554029 255.98353549266957 60.0
219 1522.9594540365777 368.2100513176415 834113.3407860362 4337.218450688924 60.0
220 247.0699654448165 372.45229781250714 39251.096987529585 380.35968596705993 60.0
221 773.574353994505 373.0142776149795 4444.39150466592 250.86877645245622 60.0
222 1363.3427251642279 377.66210284039715 7519.281331580212 265.7047172484533 60.0
223 885.8893785856601 378.47030335222945 8003.123340994899 265.9274772612896 60.0
224 684.7754013256754 379.62335163492315 5829.862341859764 242.33613743942723 60.0
225 57.45080504043191 382.52713547173187 63.3112526738488 305.71902901655926 60.0
226 979.2186790906578 384.12659656291635 6801.545223585281 254.05781544955073 60.0
227 1354.7808999331812 384.69869801632063 9568.154767672164 259.38044928571935 60.0
228 1561.3138730752944 386.73136879033103 40316.442113465826 549.6524445296271 60.0
229 1190.9421463634972 387.10446875950413 8563.078999733783 263.4227145622156 60.0
230 451.1818564094129 389.9449318763774 520.9590467336079 238.15159756772925 60.0
231 677.2222646528888 392.2593173876378 31499.757738717686 690.9155368668918 60.0
232 421.0264529728294 392.8332139609398 62766.74469026175 430.81194081689927 60.0
233 874.0016745695145 393.74211513168433 5818.080866406386 258.999505994342 60.0
234 20.659871104760352 395.18107413957347 -829.7190280820428 317.4656785936278 60.0
235 526.0817801363875 395.6485218646141 13017.442076613414 263.7895049133044 60.0
236 500.4539195531732 399.72530892595154 97896.7108371467 560.8837182473715 60.0
237 1541.76543432612 399.8300849920916 3735466.769221329 20146.04130286375 60.0
238 607.3345452189169 401.414588275286 4777.648009189314 246.16162463209346 60.0
239 897.3044629422193 403.5679133093696 8559.218088024918 258.27634477261336 60.0
240 259.10079385280005 403.9042581004868 -1684.729092096419 254.35711522285527 60.0
241 677.3965482267587 407.25291613759805 701152.7359877919 2837.264826128987 60.0
242 1170.3082438834067 408.1691270053857 84619.053911041 419.62392758717095 60.0
243 1459.0770221169369 407.8387091566884 2470.5635948281038 257.18734853240767 60.0
244 522.3062498835565 408.5828928758905 4432.363798016696 253.26278469251278 60.0
245 1567.9985148828885 409.13564368960056 8232.784197112116 257.54851092149556 60.0
246 574.5172405869913 409.6180840579462 2246.496153779897 244.8530835954202 60.0
247 608.3461241900435 407.79042328372265 5785.248607138108 247.66673264405563 60.0
248 816.8996367447586 409.75779012465824 21409.508567624933 270.5640871196309 60.0
249 1030.0678392016684 411.95308947642974 51690.306488651055 314.79749847903247 60.0
250 461.82838032744365 414.0396279209958 1503.6853621731916 255.74476761161833 60.0
251 451.4748639495685 414.8957637791097 3004.8813135931387 254.9234966442223 60.0
252 849.9933543369747 414.86490343266973 5093.752606047572 250.32470254480822 60.0
253 1105.6530248240838 418.3348427478547 7306.922957210766 247.86665502117876 60.0
254 273.4017887518509 419.3006523505699 4796.547097408802 264.3097058408117 60.0
255 1471.5181746397893 420.46748384385234 1899.6705583339349 256.0276005481454 60.0
256 622.2670236941103 420.9782513461169 34559.02215501032 300.6421053745293 60.0
257 801.8125376597606 421.28099866746317 13325.735256373286 257.576596269894 60.0
258 1591.8933995992988 420.6298018533385 44073.16460593167 357.4240693996653 60.0
259 456.59820135259366 423.29753693030074 6197.269680480031 253.16577422094338 60.0
260 311.057817619142 425.88210001884613 8112.666633293391 259.39719379913925 60.0
261 1245.0291440439569 426.47292522044177 13987.352254359239 263.62411955041574 60.0
262 1342.7846429841732 427.64581534414657 3413.0147571004554 258.5300115174189 60.0
263 356.5487190521074 429.94663019436433 354.20830315000745 250.4763768036796 60.0
264 753.9339489670184 429.5309639910084 20667.254067170717 272.57576399716896 60.0
265 1260.281250857924 431.3011085806664 10877.0894106677 262.54881400375683 60.0
266 270.05269380660764 433.21312094048056 5488.650655273278 263.89109879910393 60.0
267 159.6363632917205 434.24791119595136 -1226.5591305315104 258.7406494806677 60.0
268 763.5898707455802 434.1841016651983 11686.550485698663 267.25536033294253 60.0
269 873.5076018177214 433.66847405358544 23537.09818569755 271.2473158920212 60.0
270 1580.4378331617008 435.0686648569574 4513.452077044704 260.4188425215034 60.0
271 979.5044336599206 436.59211243962613 9561.847284007017 263.37675581461133 60.0
272 1098.8170136870187 436.5670253918238 26034.828041059747 262.0835913243242 60.0
273 1498.1417588539725 437.20464863821456 2289.930392226619 257.47752317904434 60.0
274 600.8429286795592 441.1616447519323 2793.881587086249 252.76434340937772 60.0
275 712.7401483542259 443.2427513460456 3890.704244743073 250.7081489864978 60.0
276 1134.8399056485553 444.2174813738572 21454.84148360839 266.8549320559835 60.0
277 1244.3051520674953 444.1088100635699 4080.8429566597583 265.90691389022015 60.0
278 226.964722382276 445.44771826931526 -769.7868633959557 260.79981267340895 60.0
279 211.13264966064472 447.63800802686666 4636.550053246244 260.0892930914214 60.0
280 578.0342361466013 447.5758518704609 77619.78683824238 433.8834535332249 60.0
281 940.5737497182183 448.8637458924492 25895.029562289143 278.8873076522453 60.0
282 780.0579343156415 450.27061486257236 31228.60775523891 275.3381780741781 60.0
283 858.9946110502968 452.2003057089047 43052.38043155766 308.96128642975776 60.0
284 1269.8204160159817 452.02207718858904 1204.2796377320446 253.42481757111392 60.0
285 222.55335695790617 456.39048517829065 1379.9020010425552 257.7026600884467 60.0
286 632.6345633794931 455.898887114192 7683.725819354032 254.3717745913427 60.0
287 723.9939730462091 456.128130235465 10558.348439245261 246.6290953861427 60.0
288 765.1131537377391 457.3607873980856 47582.836294428154 318.34913331250704 60.0
289 1507.9438354485499 458.0370554556833 659285.065447958 3377.6629289105417 60.0
290 683.051527509363 459.5020812362091 22732.685047628343 280.72178074395214 60.0
291 155.0744713101633 461.7707338656542 1106.1526493742394 258.2241498720246 60.0
292 541.4038962704869 464.0091354057754 85570.27406841234 504.525932042085 60.0
293 1224.209139091994 463.8545111478273 5025.9727877937385 259.577793800223 60.0
294 498.1610949738695 468.7690224915144 28816.434284151626 295.55435599456973 60.0
295 864.667368870401 473.41072861603146 27022.579243110235 278.8447068917144 60.0
296 1312.2780801379033 472.6564432484407 268490.4415765702 1187.8652165878948 60.0
297 1344.4837109745722 475.6058743576501 2123.1007480367225 246.6713753355947 60.0
298 444.7256716858843 477.27059624970616 92517.77042726506 563.1808061525401 60.0
299 697.6883170754917 477.5292681728969 12183.553895789773 257.31587604525754 60.0
300 963.6364404555811 478.0348997834371 17206.586438771556 261.25988976146436 60.0
301 1084.8498861545606 482.3009856018032 8597.269632531747 256.7978130578466 60.0
302 1526.5553662690184 481.8414088776426 1248.9804383452572 267.186853404615 60.0
303 644.2124531537257 483.39483203731544 8586.245200306363 255.15250814156147 60.0
304 1162.107316058273 483.5911505709046 14684.2142032714 258.5643785121977 60.0
305 759.9970182431643 484.3921336349385 612279.7556718756 2327.906904819367 60.0
306 35.740464566160774 488.9412850677552 33952.97673311207 645.267741909954 60.0
307 512.5744479783319 491.01085394985506 5373.056287512096 248.00859562523036 60.0
308 570.1092132541537 491.63729182913414 17448.126406211217 266.2677179416573 60.0
309 523.9169491142266 494.2993376164034 3502.179754769919 254.6202269045888 60.0
310 1380.3173324214201 494.7558206579167 5593.912830293665 266.58994215111494 60.0
311 651.9280066361235 494.8301894475786 25825.915053131903 282.4053515970448 60.0
312 126.68428543590993 495.8499953760694 9030.374664910452 309.19236675164706 60.0
313 790.8585045070886 498.6278540140083 7310.267266848125 261.8179096949801 60.0
314 342.7810787861095 498.42611310175545 1270.7950320087252 256.0694207540492 60.0
315 1301.3408563145833 502.90831814861525 4802.669667637437 254.2256981719833 60.0
316 1501.4346681117133 503.2642244685092 3975.0112470056506 260.79738626113993 60.0
317 597.1869893558852 503.89270764180304 9272.21651260303 256.7783071706637 60.0
318 85.14168560658581 505.4444561822942 3562.623594271311 317.15704308527154 60.0
319 821.9754872471946 505.5785207605675 126939.75544126247 527.9429691548158 60.0
320 583.255245680669 507.5112175600548 10051.386896405955 269.55105999374325 60.0
321 728.6341550495035 509.5909128447894 10718.615397455083 258.9275240261477 60.0
322 646.7771558546592 509.5381195043455 34724.22558237336 298.805438157115 60.0
323 918.6900955337127 507.8433492630345 1088265.893123385 4904.577827640802 5.0
324 675.5495770454042 511.4120344099671 7614.21454931326 243.27200054215322 60.0
325 1183.756628995729 511.17722704579154 874.6876466491228 255.05517922222313 60.0
326 234.5205130512016 513.1682050120145 -1195.5249321856625 260.08634099235115 60.0
327 172.7745219349225 513.5013288376298 1039.7151607096675 253.43370738586424 60.0
328 1230.9938075016953 515.1333670074024 120408.84426970611 544.7714684771906 60.0
329 1041.2009754273047 520.0072647617641 4506.3394486036395 244.47082192173676 60.0
330 802.0256955418148 521.2164342212762 7000.651277992739 253.82274574157816 60.0
331 870.2534087274195 525.7021165569631 9165.868952020177 256.0317654851277 60.0
332 688.0216139429255 529.9700105638535 7493.519269516002 261.04434717953137 60.0
333 1508.690728690293 529.9264106606867 3591.370789655267 259.554931847366 60.0
334 970.1229610872234 532.1999112598968 23562.625992093064 271.71494923828436 60.0
335 1033.022834729101 533.2933797944079 5206.926054976049 248.16090339280916 60.0
336 1312.0540523392708 533.3647355997548 4636.0029616241045 264.4703541700202 60.0
337 621.3128276912211 534.817205202593 13573.546408919225 259.945401775438 60.0
338 703.5431794174943 535.2208831078118 27674.517407413292 273.1948322042358 60.0
339 915.1972527894053 538.3505856584856 150089.08047739946 591.3871652683159 60.0
340 1421.5641604710845 538.3583971101459 1359991.839300555 6483.608203275872 60.0
341 374.2994668140502 539.1185199315975 1565.0782025865856 260.7569216613706 60.0
342 679.6466525709496 538.1261921801658 6057.481856848133 266.767335052114 60.0
343 1395.2061545581414 544.1177246501647 67494.33231473304 393.1533668515833 60.0
344 720.9489074391655 545.9086321235088 34426.215419686894 276.6322534378129 60.0
345 1020.9682167077751 547.226648270485 5933.707602595001 248.7380169354197 60.0
346 961.9978643209905 548.4067250362758 10707.036100452277 255.16313875555565 60.0
347 819.3292253289168 549.2137625771849 63712.62711594507 332.3416210000918 60.0
348 1121.9070784078503 550.1560499393993 11737.01634441533 265.5967777648459 60.0
349 27.92855008150124 551.4279554131867 -2014.8743472450917 429.05833030404295 60.0
350 738.6191573013976 551.0859023631369 1421077.6621972937 5435.199683012306 60.0
351 765.156157388671 552.3580135032387 716827.5730961647 2800.7658443077407 60.0
352 791.446643025294 551.5280335447972 442458.99964433245 1740.436324259979 60.0
353 625.6905842841609 553.9761196371285 59671.231377246026 348.95252550887864 60.0
354 607.4163228144225 555.6881819463006 32665.102382742334 298.3393099341854 60.0
355 1258.9450107386251 556.9611083526469 5536.270554705567 254.75839996938356 60.0
356 812.2705621781614 558.9370591312688 74446.21089685807 343.1148732970396 60.0
357 463.24252928179146 561.4420365613532 5473.328560726785 250.54366268220357 60.0
358 1595.217974353146 562.5051915093749 8417.425472189081 266.4736882485799 60.0
359 246.7902757250926 564.8196642793461 11571.810867796183 288.02794050074857 60.0
360 727.9072280135432 565.1933727593761 1378463.2156333397 5590.410852629927 60.0
361 958.7162388448916 565.032184856517 129209.99899718695 512.3952265788555 60.0
362 589.552481784781 566.2201888305087 5598.1143809972355 247.3022274818489 60.0
363 546.5075408319526 566.9232737959817 3012.826766977885 262.436656897877 60.0
364 409.21614677775904 569.178487297199 231.27893323205612 251.93563030856663 60.0
365 506.71646779170663 568.5272757272915 30060.875126717103 300.4722832979289 60.0
366 1042.1903818025125 569.648175253914 1037719.5142001671 3697.0796960994985 60.0
367 1141.0684440923806 571.2633417126984 100586.19133861308 455.06954518280855 60.0
368 875.4115052507635 571.8010305520007 697030.1489749893 2270.1945853598822 60.0
369 1631.350373990445 573.55893547795 20361.973211453573 287.305935617308 60.0
370 306.0299994066228 574.8513755263178 -135.23715273626567 261.16220220676973 60.0
371 952.3433557711596 576.0873882012706 77622.32478981452 350.6693503403429 60.0
372 1525.0725550108673 575.8148952068392 24422.85730843465 293.80866046237924 60.0
373 769.6013968736895 577.0100380511437 112572.62379167754 508.31926294241333 60.0
374 162.0182159515126 579.4320074519954 -1686.2981003210882 255.77874085271804 60.0
375 185.06562113087676 578.4507127223885 1143.838410473979 262.6743905024029 60.0
376 631.8127116048739 579.4355977540087 15226.777340748315 256.7877091314225 60.0
377 748.3799279364581 579.6137699491142 543419.5232370556 2106.467308920909 60.0
378 840.8113890281467 580.0507662407629 1405054.0681313025 5461.648385602805 60.0
379 796.1436430948504 582.8130653802697 51165.69781790013 314.48868828657265 60.0
380 380.6325223241856 583.5995853255679 954.9553410319795 251.59257288123783 60.0
381 996.9698499205078 586.0868888791599 7703.081932498432 253.15557245723923 60.0
382 1355.5690196507817 585.7520867825962 33256.29660936496 309.38531383200086 60.0
383 445.3170245408215 587.4474534350077 -413.4462846548464 253.5056330694706 60.0
384 775.8256589905583 586.3255984125256 51616.939460972426 320.3134624957695 60.0
385 286.8466249593415 589.6296146916393 428.43673103206174 260.3072188573329 60.0
386 644.7756467036758 590.0121698726962 21599.685256982048 273.6592707303102 60.0
387 972.8238060822819 591.420304224855 7538.824322244407 246.11998010823606 60.0
388 1375.195208129554 592.0973266893005 23046.335370288718 278.98634010687834 60.0
389 661.6795712064785 592.8064001419976 10625.248077684486 256.9655195187338 60.0
