src/B_band_aperture_sum.escv
# %ECSV 1.0
# ---
# datatype:
# - {name: id, datatype: int64}
# - {name: xcenter, unit: pix, datatype: float64}
# - {name: ycenter, unit: pix, datatype: float64}
# - {name: aperture_sum, unit: adu, datatype: float64}
# - {name: aperture_sum_err, unit: adu, datatype: float64}
# - {name: exptime, datatype: float64}
# meta:
#   __serialized_columns__:
#     aperture_sum:
#       __class__: astropy.units.quantity.Quantity
#       unit: &id001 !astropy.units.Unit {unit: adu}
#       value: !astropy.table.SerializedColumn {name: aperture_sum}
#     aperture_sum_err:
#       __class__: astropy.units.quantity.Quantity
#       unit: *id001
#       value: !astropy.table.SerializedColumn {name: aperture_sum_err}
#     xcenter:
#       __class__: astropy.units.quantity.Quantity
#       unit: &id002 !astropy.units.Unit {unit: pix}
#       value: !astropy.table.SerializedColumn {name: xcenter}
#     ycenter:
#       __class__: astropy.units.quantity.Quantity
#       unit: *id002
#       value: !astropy.table.SerializedColumn {name: ycenter}
#   aperture_photometry_args: method='exact', subpixels=5
#   name: Aperture photometry results
#   version: {Python: 3.8.10, astropy: 4.3.1, bottleneck: null, gwcs: null, matplotlib: 3.1.2, numpy: 1.22.2, photutils: 1.3.0, scipy: 1.7.1,
#     skimage: 0.19.2, sklearn: null}
# schema: astropy-2.0
id xcenter ycenter aperture_sum aperture_sum_err exptime
1 558.5821422495022 1.553447827399145 3676.440641173814 208.87779408797658 60.0
2 215.4588279399274 3.983022591080132 3272.1503733232275 234.98370029956203 60.0
3 981.2018783118364 5.161590232085893 -1654.6409835477475 227.44840364965995 60.0
4 1373.7256085823674 13.534586033156419 14443.776867327144 270.4313592382843 60.0
5 733.2994363144586 13.335078874553421 3069.6698446464025 255.1143958721625 60.0
6 1181.245040725141 13.348170003563451 3068.918759941078 264.9674100339096 60.0
7 336.13127255653905 17.162987601026444 3957.8905234822696 262.8682000397019 60.0
8 788.9605066759916 16.500805548609634 43022.76808815712 352.34398723240065 60.0
9 144.72496142271015 18.682891776588065 6066.172539770789 285.37442384802114 60.0
10 1480.3157267921315 18.663356701882314 -874.771398165024 248.90815366457434 60.0
11 1366.7676792434581 22.887029930438892 32471.354867135444 310.34297032061875 60.0
12 1330.303303992684 34.07497432636191 3902.326131501898 258.00057613545044 60.0
13 1566.0664918751183 33.85256003308063 7958.842701163796 274.600921318998 60.0
14 249.20921089678936 34.678567170889636 3266.8729770033915 254.50962770752528 60.0
15 1130.0474708363538 36.953121679251744 1179.0595746550036 263.8978752032173 60.0
16 1192.9436043616645 39.431716085267404 1239.7827225700967 259.8046579060856 60.0
17 1342.1591085140708 38.86194153407492 3179.138213378119 267.97650035694755 60.0
18 37.64380804439485 40.20389055246637 79322.63648782994 887.4447489703724 60.0
19 3.973214088286568 42.03674082923126 0.0 0.0 60.0
20 1247.0484061638126 43.05285995271526 -845.537420322057 261.65576835047824 60.0
21 357.7438939098241 45.14184371059124 10574.755937274422 261.5234311144156 60.0
22 1597.0587089933902 46.637623228454096 13728.155340407764 286.31911692880544 60.0
23 313.9775412423641 46.8114058059995 1332.3488361137147 266.0255659691651 60.0
24 770.6620063096956 47.81470604394732 4665.38561295002 260.53043110151134 60.0
25 1513.8431752467714 49.730477579123 7400.534926780459 257.37015949065363 60.0
26 1606.230833809153 50.56478492854912 25852.365269927242 308.693914307501 60.0
27 130.46592754220558 53.32804128211492 4118.569296905786 302.88782035076844 60.0
28 1632.679530012176 53.785856432346385 4133.125679871121 272.6857649399337 60.0
29 1145.6282544137516 53.71995644838461 14575.55184778047 274.95255645860965 60.0
30 811.7209897479356 57.65355077726047 10019.112317669838 257.9716815047327 60.0
31 342.03038063336606 61.84490290527783 -299.7389897955742 255.524747135651 60.0
32 266.62516517312963 64.28625576072037 2772.3450101580215 260.7661648142634 60.0
33 1603.4158494801568 74.23118548357064 20179.8728083993 288.41775531919467 60.0
34 885.3500559129981 74.88789080408165 342.78202877988406 255.7906012847478 60.0
35 92.93826429172181 76.33264373211028 15518.220885854776 348.29921340754873 60.0
36 783.8415037984801 85.20546836381467 1105.258685085373 247.14697873009945 60.0
37 1284.1242803796738 85.06483002976363 3122.7449129064544 250.23187539214837 60.0
38 289.7577056371319 85.41981306621672 2916.0508008605666 266.43319360024424 60.0
39 878.814528676026 87.28100425316288 7516.033084320221 260.3246787871596 60.0
40 696.8247992021144 91.10280339913609 67878.93767690932 460.01720262837557 60.0
41 980.0800856923009 90.85942388230856 6505.0686111164905 254.56765772350576 60.0
42 134.50112603090545 92.51813803194307 4674.05125352379 288.24186333415884 60.0
43 595.1282106549038 91.96309770181269 809.5225002600415 270.6179276708492 60.0
44 1483.6647200286195 94.10690076698104 26233.338980988934 311.7439621997043 60.0
45 824.5554846684126 98.5657341918581 57868.23028459059 381.7432405307591 60.0
46 1203.9993095219431 101.36085501614383 4254.745869230989 262.17996146454755 60.0
47 1255.3208907349558 102.64678298672054 21760.112829712572 278.5708090158543 60.0
48 60.44415569993334 107.14324531462572 233688.99630685977 1170.4650365407883 60.0
49 531.1411234803304 106.78809931097697 20682.81039361889 287.43233248901765 60.0
50 1076.6268311339688 107.5944679927215 1135.7273087210347 239.43149519456648 60.0
51 622.4726320944396 110.58009197099207 11429.117985895824 271.10380782596735 60.0
52 562.0808998569316 115.48367441881392 2566.3398474456144 251.32886944645924 60.0
53 145.7501433723949 117.45724265244264 1390.1252211898748 263.1417052465832 60.0
54 236.2702968507269 118.85661348311828 1364.8201545220481 256.7133867132361 60.0
55 1197.1605506585154 119.67472707440245 50797.53099017453 324.8763779229057 60.0
56 645.6229077485061 120.51492665260955 14608.305976668707 263.846424391813 60.0
57 106.60222455674919 123.83501309776953 82097.14300262675 513.4048979686277 60.0
58 1196.2056247606502 127.12065491326041 50397.64451467073 322.1927972209922 60.0
59 926.6199691141948 129.92046238043065 -331.8425534717236 263.82628617956067 60.0
60 1580.1893064408837 130.271808549265 3261.421289991601 253.17067063606007 60.0
61 733.1438294216265 131.91300994502822 1655.4787292302763 258.3647515061398 60.0
62 1281.851227623606 133.5303635621178 2518.5550944567967 262.95205687709165 60.0
63 173.13064152736047 135.82552095978068 1448.2498911688567 262.05055223253436 60.0
64 1226.2351495802736 137.6970249599058 19471.782271272037 278.1871305686072 60.0
65 586.063299629983 140.5823266484027 -1044.123845509201 250.24864330839975 60.0
66 850.6917668849139 140.32300983509657 1847.6991081975182 267.8073735041186 60.0
67 1378.9758657252742 142.44017756936282 2157.3411502691315 251.72068468007748 60.0
68 722.6374239455471 144.3110371174415 288.99168494761074 244.22845546246995 60.0
69 1478.7906168414945 143.83330541153344 5623.373234670342 270.8435022839093 60.0
70 269.94918597904604 146.09742183305377 3013.4913146535264 264.38198038679957 60.0
71 305.5558497924141 147.2342144450547 -254.7942192723617 256.77190527387995 60.0
72 399.96982302537333 146.67706764190146 2712.1549358229868 257.1921606830358 60.0
73 772.0060933353348 146.78230831843445 779.9717185282698 256.9162011891021 60.0
74 1301.4600321506719 147.57187582268662 -690.5404720421378 256.32872997098946 60.0
75 1362.8403321780318 147.31744537367325 2170.6847626504964 259.96729227715474 60.0
76 108.2148867430402 149.80177742976383 3444.088608809693 328.00979527177583 60.0
77 490.599485377668 151.98748464300294 1768.6005716412635 259.2269162932604 60.0
78 1032.9651072640067 151.42791567800927 19677.25727478427 279.3238258332634 60.0
79 1608.3635362503283 152.3375926949416 51936.3370715394 431.66533439025346 60.0
80 1222.5101882252443 152.81340042125777 3392.6323509692456 244.07035825230273 60.0
81 203.64325809475804 155.07856241865082 3520.0512506104315 259.2506969577653 60.0
82 598.6986473170739 159.91115627103818 12867.58984410452 268.2855793932698 60.0
83 245.17304827880002 161.0893747675036 554.6890033186647 259.5560338994538 60.0
84 927.3276096641199 160.92137445021933 4794.367535293652 252.39327749401326 60.0
85 1531.9079904145933 161.60322742158573 2886.489626661959 257.77577243485445 60.0
86 901.2369580326653 163.99559133010476 1670.7765312237384 254.07441060613954 60.0
87 135.21382911802004 164.602971278114 7715.47088095258 303.73316479751963 60.0
88 1200.9005916009173 169.7315831153936 376786.23524423235 1625.1524464084703 60.0
89 593.0588564413546 175.5685371159418 49645.13706074895 343.8830520390567 60.0
90 958.3071429179432 175.92782564138935 1452.1524551153761 269.0326820823603 60.0
91 449.7081922012198 177.36838246130813 60440.326166725936 453.6009867796651 60.0
92 918.5283622233918 178.48714965391696 13342.272656689656 261.20906653460014 60.0
93 1382.9121295438897 180.33942985528788 10843.673040972168 260.31737453877406 60.0
94 739.6559180091261 180.89446653690956 23523.369744179912 292.1449157153539 60.0
95 1517.708002128003 180.84413094019558 712.365400690917 256.3213916381172 60.0
96 87.1406469256766 184.14053850787045 22345.14852010539 332.7163547803052 60.0
97 203.71544661437272 184.78243150888426 2269.095757453111 255.9690921154964 60.0
98 616.9933278151537 188.72831559364488 6135.867884619906 257.3759113833976 60.0
99 417.0181358775761 189.1148817037298 168.45968653475643 264.5080694105589 60.0
100 1367.8815117672798 189.41611537483828 25628.9735339049 283.5271893460068 60.0
101 1196.8972086027318 190.57343543255 4556.742486345758 268.43401817889463 60.0
102 817.5876329171359 193.40817968057783 1801.7351257636287 256.0071183249939 60.0
103 1501.1097301187128 194.2447841629069 25975.749602437514 294.6330401484469 60.0
104 112.49559389929627 195.17628614104092 8706.003650970333 317.520331280174 60.0
105 269.73681299328405 195.5457138964056 8989.08417225465 274.37088580715965 60.0
106 40.186603078922346 197.08030275495835 16572.267114956976 547.356446420133 60.0
107 883.1612796571623 196.66546076099232 39597.61555729153 312.17151057366254 60.0
108 982.8777513331434 199.21219708381548 3147.9491529743646 258.45411442679136 60.0
109 467.4056568045437 200.3565821672215 24358.613387429417 286.4385925583276 60.0
110 539.7258644890915 199.94264485315466 290.82908376764993 257.21399904293605 60.0
111 620.094588510187 199.78116653075034 21297.851482639497 276.73288219365475 60.0
112 567.6770997054787 203.15506745240938 255444.5024469352 1334.8316434114206 60.0
113 500.4174743578964 204.23465891582464 19044.621169564554 286.7023865272611 60.0
114 1178.0042613319206 204.9182383313622 -644.8088854501539 252.90800456457097 60.0
115 1251.8291780285833 205.3646132412385 3831.2081414372906 255.79884030808228 60.0
116 1198.818814018887 208.72600755378684 45525.74711649229 322.22958900145653 60.0
117 1210.9732072111638 209.9716324068299 13982.766437691324 269.70174453276303 60.0
118 320.9261594477726 211.57004401235133 19153.232871538377 300.9336065708347 60.0
119 556.5734667755341 215.99224079631057 9508.915272426646 356.8075956255977 60.0
120 468.21576710601374 217.96831855738938 267.00510048614814 259.00803081645375 60.0
121 1227.883388420483 217.9347200366769 44545.63201218192 340.1127280926766 60.0
122 1541.3470626298022 219.28332374987244 107361.94598473955 671.3716686972124 60.0
123 706.4063337339197 220.8697862646191 7688.3194151603675 253.69636069468953 60.0
124 244.3092634011966 221.95947134218724 29335.170344253336 328.44959954174567 60.0
125 1473.154344603117 225.4999767037729 74928.84380621483 475.74013537836163 60.0
126 575.9912870811739 227.41887428609155 -969.8347573270914 245.5045555393091 60.0
127 344.42272128062086 227.18555048468133 -1206.104706454385 259.13164200605775 60.0
128 517.4836443311065 231.75201782538875 214.26147939167117 245.3251864780594 60.0
129 359.23892401401224 234.22752337308546 1339.3526390784402 259.14123643220574 60.0
130 1012.2509982395048 234.4312398701563 88410.99149505478 445.7840803486284 60.0
131 46.983664724774805 237.24921912867626 -1195.3095108820871 389.064579721645 60.0
132 587.9154062658655 239.0923525262191 -142.9303302826222 254.89812745913932 60.0
133 1308.5357160849296 239.14215083477546 82146.93030337883 442.00207991615474 60.0
134 1549.2947505698405 240.65572355866988 25990.70076255955 305.486796859198 60.0
135 1144.1065947881882 242.50159087491085 2048.536897932503 254.69129100125176 60.0
136 170.50518953888258 244.34565080909192 497.10194634261063 269.69910525063773 60.0
137 663.9626067484359 245.88351237984222 1612.0835888225488 256.7042397931137 60.0
138 1431.6255680098375 245.80994259434368 1325.8477413932183 251.9144023289773 60.0
139 225.7418584562424 250.33123291342028 12284.761586984163 298.1451499208343 60.0
140 689.0340583967511 250.07380282259533 3385.520075678596 261.55039188431994 60.0
141 238.36668103095977 251.56894204375803 48424.72684018732 409.8340383538371 60.0
142 423.36787686475697 252.2837951171388 19920.28206561623 290.5306209306817 60.0
143 558.434546316492 253.29407944995236 57965.58163167315 393.50205406873374 60.0
144 775.0440359371516 253.51302136377421 1783.7408344817225 250.77463786808957 60.0
145 1310.18142971328 254.55906184034058 7430.748449235087 271.8543668150074 60.0
146 167.15688360028258 255.18990868822607 4669.836434906308 264.51985157608016 60.0
147 1645.31506242327 256.4233319518045 179864.6493633996 777.3342933833636 60.0
148 71.03956420131637 259.9695093087627 -828.8282545938699 321.73436744836795 60.0
149 1409.8730521447933 261.397590938705 1411.4940972516233 254.99069015395116 60.0
150 766.9549579221496 262.4012449333518 4795.961743091842 258.6525767214269 60.0
151 613.9500733882596 265.4018041180066 4048.9472177932603 245.8919785548586 60.0
152 1635.3211613681071 264.725716411799 210764.79036870843 1274.6323453898056 60.0
153 1447.8383334756916 267.46823358406584 8513.067015208424 260.6269153721446 60.0
154 890.7747724277206 267.5109267868484 2717.1847389137492 246.3434717041369 60.0
155 407.97912558979255 273.3742982779163 8796.583931667043 262.0612220279674 60.0
156 991.7973618217026 274.128527407313 5051.810420177484 251.41430085282096 60.0
157 1649.273365336979 273.90428765606106 184622.2471732078 1082.9674900845444 60.0
158 1509.7324193120544 276.0674384705421 2230.4583181855473 272.11325744645495 60.0
159 164.51760836121707 279.9937528980594 34799.266904695905 359.3798421041278 60.0
160 31.78445245114245 280.582111151014 95081.68931976774 1105.838581781445 60.0
161 178.6396467337401 281.43699596052124 27478.61517217663 317.3251829054283 60.0
162 1441.985584499044 281.3979647048493 41093.93809770876 344.9760101665613 60.0
163 245.36771719627797 282.2898724800711 58181.97342080869 464.4362854817211 60.0
164 551.9121264491072 282.74816109414246 23806.362917140243 300.5604082157193 60.0
165 966.0422242373803 282.499311593105 3260.572112368887 254.00555984682308 60.0
166 931.2485285435598 284.3109210332321 27268.051112979578 279.03032466301636 60.0
167 1397.50738133595 285.5511013789712 17261.903391823515 278.044118441834 60.0
168 1571.4971366262541 287.6390710859665 14959.487382298117 283.05587432378746 60.0
169 281.0512060407089 292.38600077015724 23538.196843369664 316.16988750525604 60.0
170 370.5055321901123 293.4697992603722 2154.1723594896516 263.77828681394215 60.0
171 659.7033818046948 294.27322812865646 8262.68523474162 260.2081679757578 60.0
172 909.1663333455367 295.002070526798 4067.6632471911544 241.0525717782456 60.0
173 1251.582780183991 297.5092691642096 4485.483646701774 264.7555772703242 60.0
174 1331.226721275613 298.0451053270225 11463.111814028707 254.899560559139 60.0
175 778.6665307239391 300.3122639204765 6391.139809381812 250.81258428613845 60.0
176 1454.332939944336 299.5484349938048 871.9034336298049 248.96149253470546 60.0
177 1421.3504645237012 300.5456298330595 5403.838378792656 262.1574748816924 60.0
178 871.1418545755364 302.6150976056378 14488.025857468012 257.06827647988433 60.0
179 377.37083587332484 304.08702304586717 14945.27474025663 266.5254784186329 60.0
180 339.0445154911636 304.83156500259383 -1667.3046033155065 253.48149560802912 60.0
181 1607.2079935274398 306.65754891294085 42236.25259942621 351.24951782934136 60.0
182 853.3228455139946 308.37402244483565 1755.7650216647594 235.9892371918996 60.0
183 1372.2215691137644 308.85176564254505 4389.814228432575 254.9793976950427 60.0
184 19.8391591104232 310.0714669228117 -432.15311621143957 330.38973982513033 60.0
185 182.034719231646 309.8694484112359 10665.709860969235 267.5292789702636 60.0
186 412.6759138918971 310.2315873051049 6761.503091974398 273.9006701161185 60.0
187 698.6021737019083 310.1790414292676 24936.217940730912 283.17425354670445 60.0
188 390.2639947779809 310.8140000833383 9346.13516888432 269.28736255322417 60.0
189 611.8718088477327 311.8162185114216 2752.51034657919 261.2374621356048 60.0
190 76.89085606042484 313.0393391965029 415.5609678759822 318.74938349764193 60.0
191 721.613172873608 315.57272913315467 3122.3572514137704 245.8280450100358 60.0
192 34.49678341764258 316.8229771679238 2976.380637393413 568.1005750263728 60.0
193 955.2278382179413 321.3270328552705 2991.07156840511 253.7317111292946 60.0
194 1046.1127811997128 320.4629531319554 11757.069118276795 270.2392549351098 60.0
