src/obj_magnitudes.ecsv
# %ECSV 1.0
# ---
# datatype:
# - {name: id, datatype: int64}
# - {name: xcenter, datatype: float64}
# - {name: ycenter, datatype: float64}
# - {name: Bmag, datatype: float64}
# - {name: Vmag, datatype: float64}
# - {name: Rmag, datatype: float64}
# schema: astropy-2.0
id xcenter ycenter Bmag Vmag Rmag
[from data line 664]
716 1039.635074232371 997.3502975894512 15.407011224214703 13.58592831668494 12.642281442572392
717 752.2955076817301 1000.2842172475126 13.974274556906439 13.683707543240903 13.40402047380289
718 1353.721261203241 1001.8384592464715 11.623909663397015 11.16510775134332 10.880718671476806
719 503.0474021974909 1005.3345772258942 15.790876799116882 15.27618416046097 14.786531519763294
720 984.2016097273078 1005.107792197127 15.488814487493087 15.07131783967468 14.59658006009061
721 686.4719103922549 1007.0885922404906 14.34999038839465 14.137928248563544 13.982363559529873
722 1252.2742595562815 1008.3246515507665 16.031613162062637 15.209776146407762 14.556438951779013
724 1145.136471794591 1009.7669975069903 15.007747106913557 14.694880202878725 14.450170154468195
726 605.0946356641185 1014.0983568054505 14.806835591408824 13.526057332904196 12.803057307560742
727 1372.473954954218 1014.6132751109911 16.613901945778863 15.026537512129213 15.058331917587987
728 779.4219356198179 1018.7851911764797 13.34499398118768 13.048668206242311 12.809904752969434
729 1132.5628584802719 1025.3166363122978 14.22866429595139 13.615987260578553 13.206752246129573
730 980.4413729699963 1025.693610310982 13.550291407556571 13.347345326211302 13.207465752167938
731 1098.187571984217 1026.5202166101235 15.462779307652958 14.961951209119992 14.685240756003685
732 499.7552314314975 1028.1192049692568 17.929576284010274 16.538270533830048 15.800252748859489
733 1502.7548290527347 1028.967123704119 15.210210644256524 14.418080842995172 14.215320282236378
734 571.9606808962282 1030.1463941046516 15.649251425259271 15.136014074234312 14.603883352420214
735 866.683817257396 1031.6145737345735 12.975956723332862 12.75453237844396 12.542351426432926
736 115.61989290612009 1033.2350614096656 13.577297457830342 13.364500748446858 13.054142081636602
737 1627.9802232478557 1033.2506715848876 14.487809186323389 13.748127800229597 13.254189853873175
738 544.6499187358437 1034.5820858937568 16.236283580742946 14.895053661055114 14.032850940788821
740 144.38147372479904 1041.0613178721105 13.535183854044734 12.555750550720685 11.936805228081543
741 1530.3565057204155 1041.8374428425548 17.710408678502855 15.299591236982685 14.806520740392862
742 349.25531778288547 1044.5835230778512 17.957149754354425 17.00602194328969 15.313721629361735
743 192.84953052237617 1046.3190601745728 13.805425801918323 13.58569277236625 13.28166157084115
744 1123.958410074987 1046.5469807885052 15.228939211403707 14.740056489064239 14.413039266056415
745 1420.7456080838404 1046.1559698993988 14.141259951627822 13.703139611537813 13.49078558384321
748 543.0045145684788 1049.693201537183 14.823875186148316 14.17699666524081 13.831834264329274
749 1010.4690138288037 1051.8321687287346 16.781789892289527 15.820133447578927 15.011394497474406
750 578.2821874072941 1055.8140553107514 14.12865219014785 13.8341306714895 13.540963858565021
751 289.87784943796197 1062.3140387415735 14.785255525956458 14.280192884734124 13.777041511128372
752 1148.4420988527277 1064.0207451522995 15.58401635655483 14.700337560340904 14.080521552593439
753 480.94327507200967 1065.1750637612402 14.341366245503224 13.963913050261905 13.641976350334803
754 922.425764352494 1068.7929365166938 14.007377133108793 13.537882193345839 13.199368799596792
755 541.1701692361167 1071.1402343789887 15.314753837950674 14.340834453823813 13.605627464797642
756 1011.2323903482704 1082.0058618728026 16.14768249211769 15.421334211640735 14.741218475675353
757 83.61972727171549 1085.8256422794873 14.4674405622878 14.103580751715105 13.51268903858823
758 498.007110963507 1085.75825190933 13.619659632757198 13.310209729451028 13.071821488974395
759 1258.3673842416674 1086.6409127613338 22.228367976077124 16.18359412254667 15.578244331680489
761 1071.3302517469967 1097.8714671773016 18.569491481592145 15.131462418842942 14.181826923507376
763 751.8712160310315 1103.137886211464 13.648749691566241 13.283810285496962 12.928327856581763
765 1192.3987731072818 1106.3234072057273 15.300058309413366 13.8046546234207 13.037130512063824
766 394.13175282045955 1108.3344140457912 14.696062046491225 14.225309170700761 13.746849804118618
768 313.70919353365963 1115.2306916572757 18.100076560050645 18.816380500771892 15.819555461530788
771 1422.7758311986531 1116.949103746085 17.912741261458955 15.344377671290758 14.710418904089597
772 624.546621990196 1121.2390024033516 15.458330326874329 15.102925464953671 14.744920949443198
775 210.80301356112759 1128.363745554193 16.672376757224058 15.811797954804138 14.650788900849467
776 310.71233559443596 1128.1186298598643 14.733101697852234 14.45385233881187 14.030683045201027
777 469.7314972675677 1136.2537409416739 15.115005428382181 13.787516021998266 12.966495875541506
779 1279.1270509363676 1136.497444486334 16.205973903542944 14.092221070401525 13.219416902450293
781 514.003226788706 1141.8844465102443 11.257531587691396 10.940765084987532 10.769689707415816
783 1008.5176891895371 1142.084377501102 13.281208711753747 11.8037226516946 10.940141414744234
784 697.9645215157283 1147.7289649718455 17.31719203323524 16.7973497064116 15.818384010972919
785 408.6133791631392 1148.794579558235 16.28742046916328 15.823504991173852 15.19368484362856
786 566.2877506456123 1149.3285858906734 15.399247459987059 14.887803270855901 14.472797585411374
787 819.1306295830835 1152.3148123430997 16.884399768076634 16.09259036186324 15.526978366094315
790 923.4523780112858 1162.1861991522183 14.839427925318896 14.37188185018524 13.824589981645843
792 810.8807388969242 1166.555529412346 14.026558551836477 13.582983242327783 13.280224986571964
793 589.253396149008 1168.8846191795728 15.5714324466074 15.160073505433296 14.545506879078363
795 1023.6543360812143 1180.7418315015561 16.48055205110104 15.54510908768207 14.944018954986927
796 272.0748428362262 1181.680750318102 16.254960677617845 16.116437979789893 15.426475791362524
797 420.93158596570134 1182.1026304607703 14.110028623954092 13.54095706002039 13.053469835130068
800 314.74715606548017 1199.4042407621441 13.904099717974907 13.532967861743224 13.136247600312695
801 1012.2244735987396 1201.2075505524206 15.34831590898468 14.73529148054452 14.358040472874674
802 1112.081291092808 1202.1305861025594 17.710750041975167 15.522013158702627 14.947166426475643
803 741.8593898087105 1204.213015411758 12.934494699895604 12.493749402674354 12.159580364633863
804 1516.8226839178667 1208.814541555082 15.956236511731436 15.35131140533914 14.374080714226205
805 1644.5121368441658 1207.873842858764 12.950914435406672 12.930412781124131 12.373355024396504
808 1014.3558436498529 1215.6962803162824 13.92567402799656 13.511951931268054 13.300048571183305
809 637.7425127574804 1218.1262747454286 11.974714501750483 11.196731433329344 10.696669738464687
810 461.5632975001762 1222.9487614077939 17.731521299555872 16.2291035354296 15.765852338433344
813 1303.26614082159 1236.1593761482334 14.893147700766749 14.564800936612315 13.996668769892574
