src/obj_magnitudes.ecsv
# %ECSV 1.0
# ---
# datatype:
# - {name: id, datatype: int64}
# - {name: xcenter, datatype: float64}
# - {name: ycenter, datatype: float64}
# - {name: Bmag, datatype: float64}
# - {name: Vmag, datatype: float64}
# - {name: Rmag, datatype: float64}
# schema: astropy-2.0
id xcenter ycenter Bmag Vmag Rmag
[from data line 498]
537 1422.5811310976658 734.5961780921181 15.567281357234455 14.871358663067117 14.638350211689684
538 459.03236099390136 734.7286095675926 12.348581078350303 12.19179844669686 12.118320411569306
539 653.8310371132209 734.6962830573387 10.678255376256717 10.612849160844897 10.551004342428389
540 1044.1228935051133 735.1641762271186 16.190950578898928 14.709872910636014 14.01593336936511
541 730.4799463385247 736.5251808061882 8.134007535912579 8.071256964103732 8.022099750299526
542 574.950817689804 738.8792436386836 14.40114100105199 14.290737588155057 14.15252593186694
544 1226.0270728027283 740.4499055510273 15.445147807081549 14.83767989918049 14.799368370523517
545 683.9720964055379 741.0148538716844 13.534718291604966 13.300219792744285 13.190345318365347
546 852.9404794655592 744.2377719389591 11.401531526730569 11.137602288469125 10.885319971681994
547 133.73516864369364 742.1865228040328 13.961716245999408 13.237865475502021 12.802298828768215
548 1319.2390601729435 741.9967893695856 19.15713040194345 16.014094282388232 15.457453653842574
549 709.4981974749537 742.312952004289 12.14456513231479 11.94724000648283 12.031690181334342
550 932.7815683197366 742.840326966569 15.1044996703224 14.820051582963062 14.279432151913957
551 1030.1757740351882 743.0712054426997 15.900947359642053 15.307967538090228 14.978949148781478
552 1152.6095210162712 743.0672173374949 14.258742538736385 13.427655457538986 12.897251964370039
553 505.0973472606093 744.350913746769 12.783673724137008 12.604265453268182 12.511059969614367
554 860.0520440207939 745.9038174057014 11.11200582056594 10.90601604521723 10.58888954384884
555 1214.2537216145847 747.397619163488 15.561265390484316 14.515005147422595 14.395064271677644
556 849.2315351613541 745.617274452081 11.94525857592598 11.49732468584954 11.519602049012095
557 1250.0294145850448 748.4079328991621 14.48973347566522 13.634954703582576 13.172548855270161
558 365.72615395176325 751.6842613596449 13.760336437260063 13.510922551020306 13.383367699640809
559 608.8070898230147 752.0122992848663 14.515750855955302 14.326936108088905 14.176585182962656
560 656.9713145269708 752.2368167123617 13.655237082940866 13.515144370574065 13.74087853484801
561 1009.6609555655583 752.2900408939939 17.05275795336018 16.651323613581596 16.013080669123735
562 686.4944193611917 753.3329548370508 12.188256953548397 12.058861810511505 11.943599484418897
563 1182.229592582242 752.9124955446619 14.856764165144439 13.378379098158087 12.537043414660051
564 386.44132268941 753.9113134710145 15.161465450841566 14.726719834078938 14.546006141166657
565 1091.6370047199455 755.7197962472924 14.531206100960281 14.157059673889881 13.869028169242993
566 60.25114414626153 758.5197556636415 16.567333734154452 15.195870733871391 14.550238262064182
567 634.1289788032396 758.497419185747 15.535166656941872 15.547167605418503 15.060170668666299
568 759.5998761834809 758.0547177649703 9.249359397131037 9.167918445084041 9.13201973812779
569 819.5489810692939 764.2661953345704 12.634135074688611 12.610091090941093 12.619405242337946
570 1567.3295817511134 766.4997957645455 17.4303312138492 15.185105084592783 14.61028256172521
571 833.4971371609039 766.7465202585183 13.95290723016771 13.667278712501815 13.217114135843298
572 868.7296070599839 764.2414210330822 8.76020586859926 7.020824020335743 6.316520129287217
573 1024.1399859840885 767.1813149129392 16.80079327550601 16.6498103681036 15.906770044375826
574 302.4052305955814 768.3633925419289 18.212848720726534 16.74984586775087 16.227217941647854
575 470.21807303805866 769.9506789292942 16.845569581413177 16.25878343793213 16.172439429555
576 266.32085911488 772.4094805571857 16.800469960981964 15.338394435390974 14.78090326710348
577 711.7138765043046 773.4490302471612 12.449509603846819 12.198628947029823 12.094194966434282
578 808.9082364360057 772.9483897224185 10.806536844127988 10.682289923535974 10.592036452019746
579 1150.7919054978784 772.570011046415 15.528428112757789 14.71321814577581 14.376375448166183
580 719.279947915827 775.3981976144051 12.282621813360118 12.19335103100292 11.928471725547913
581 669.7330786867275 777.5541062331658 9.003156075205343 8.89599373093825 8.858205828368153
582 1203.982518942986 779.2120523664069 17.55707153050236 15.865527108512977 15.50647546856407
583 1295.5086080998442 778.5074433251723 12.739447412677281 12.621143049305855 12.542489999081237
584 752.9128388174494 781.2715763695098 12.640947211126997 12.544103425140202 12.3974701005508
585 1621.036758228143 784.1597156145382 13.048072565560672 12.8934996240716 12.791019627993524
586 602.2876511844937 784.5967145211858 10.994485078335938 10.919478775142473 10.872369792997384
587 739.9801198650445 786.2130574458295 12.625845040731917 12.423216665439966 12.395023579585489
589 485.707257784168 787.6775072939106 15.251562772009782 14.957034693967902 14.911891024845406
590 838.2956035998609 789.5856359641958 14.155737729596263 13.897616601191142 13.513631264791202
591 900.046356565019 789.368408611064 14.624088596554758 14.358180618021379 13.839059492321839
592 868.1509669481976 791.4331681339992 14.578700069239307 13.879646379485028 13.147187167066221
593 1078.9594322053317 792.509504927133 18.9135747930075 16.559279650910348 15.76261943188702
594 1279.7288243458934 796.033014005666 17.03584302155994 15.075732379086219 14.194244604571388
595 1309.6381375594276 796.0966248564106 13.043291006949628 12.737701750624817 12.583544117764232
596 799.8560884906698 798.0167117300481 14.615198745684147 14.424799411769937 14.186225069366987
597 716.2890540242397 800.2917029670047 12.121569181725741 11.986872510823327 11.867713868810457
598 1047.3331825159958 801.2496765494988 15.710865844487817 15.356307762775314 14.982788955281174
599 545.8309112485397 803.1967814466359 15.203174242462886 13.974645951896344 13.324707233415692
600 1506.2584894323898 803.2545529205076 12.810391745165239 12.198630221865614 11.821047126376797
601 826.6357096165758 804.4669202192036 13.696100590158865 13.22170035074561 12.92866090209756
602 885.8934812011412 805.1061579843387 13.827141910143485 13.598746188469274 13.326729289815228
603 1331.7775432745555 805.8670106859661 17.205163252673138 15.825991929020736 15.512021085583191
605 834.5062757644807 809.5896925367097 13.219961502097739 12.96009153301752 12.66825118515217
606 289.3692286774029 810.8927736158631 15.889378428156398 15.285685934457703 14.764162836474435
607 747.0632001965363 811.128731877516 8.62540357396178 8.539810015454002 8.4946062815423
609 866.8372396576175 814.7796252157046 11.455508662099092 11.294296753428998 11.174415562472173
610 905.8924590477396 815.4122113342221 14.904809463263824 14.46565108095507 14.134905737648396
611 431.8915912381902 818.1507076710069 16.313219148450823 15.273436246666803 14.718303949391835
612 602.9518289186416 818.3960673860606 13.11345178426571 12.960178065219685 12.869399112981894
613 563.018417891286 819.8925807091729 13.121223495081551 12.93548662028851 12.822170081198262
614 1020.2085424988159 820.9431655567693 17.578502580608273 16.274069709980527 15.421999039394093
615 1063.7631350566858 821.7624274050886 15.676363958506801 15.258174104934165 15.128057265286703
616 1081.6319625997082 822.899755320384 12.4941890634327 12.37916521858801 12.324081636853096
617 732.3105256317554 823.7651419320855 12.817527769790209 12.637838640681371 12.659827221740361
618 843.4794806959395 824.5629498871765 12.002003259843715 11.782954570419546 11.632455937286148
619 954.2012624119442 824.393920009821 15.659300331851043 15.344338627911364 14.91798681906856
620 907.7726748533821 825.685051417389 14.090989619477199 13.833624970382976 13.624284540156681
621 647.6481320579829 826.5458366624922 14.048884647105849 13.634499434216956 13.298802007105381
622 1588.9842964637185 828.2849926389079 16.60667717209357 15.04294205524139 14.704904507077753
623 985.5916364256169 833.3610192435096 10.050078921044932 9.95621765034244 9.88573618155503
624 584.1515311310242 834.1551471792608 12.791651241129896 12.63507835377899 12.501201823700223
625 795.4269677789486 834.8917298722466 11.55531106472749 11.467578692900041 11.39159075138564
626 936.8438887048321 836.1399333916197 13.388285507252135 13.208420810281401 13.070816482017793
627 624.3320675586668 838.1545853315264 16.64393451490842 16.57301580611788 16.014596199021277
628 391.89976698043625 842.0503146033669 14.84262022823592 14.364562350006887 14.11218044470867
629 735.7769454550198 846.191946940678 13.373237552972808 13.106629180745443 12.997930689801372
630 32.11246157450696 846.9967492542456 15.641282771781755 14.204159753430224 13.228664248022042
631 500.4140091264164 847.6016835677981 16.577695948834513 16.21272638515262 15.443777863299049
632 858.7035365882062 848.5582346194699 14.286816930344981 13.179213953293347 12.518041213442281
633 744.0013129764272 852.0836305547177 13.228604579130767 13.177028464077086 13.011060036061357
634 886.3804065704825 853.048151903322 13.516907479125903 12.74237190120674 11.778172957655139
635 821.1512396485979 854.2864931355751 16.318485709505268 15.853592691798006 15.200791916750516
637 576.9853174801317 856.8389419829849 13.240096198835293 12.225823923726763 11.65045842654542
638 796.6155858070662 857.5259787366169 13.70914200705453 13.430878460610689 13.220120875165026
639 1070.1420029853405 857.5408621395047 18.293746987186037 16.138882196261665 15.559866135193587
640 1622.2188054788758 857.714205116134 14.591172870839603 13.74706507113987 13.370648967988727
641 1233.090455879292 859.7256972203685 15.012072698351957 14.604145420217082 14.268236825250183
642 623.4157681280777 860.6307909931237 13.57931866222177 13.436745758118935 13.326495664198552
644 832.7082295486913 867.7601393748228 12.93497185570319 12.684407316168356 12.50223156227357
645 889.848316464547 868.8019466737318 13.004450823858463 12.632599997537957 12.375887949544518
646 1564.7373725493333 870.9496729011942 17.046564058612596 15.227195277558312 14.913778441331868
647 712.352395352541 877.1610303037467 14.72111597208599 14.509277752522824 14.27937415517315
648 1328.6898103753429 879.6541622333959 17.359883778504997 15.72094739973557 14.947252322047076
649 498.1502866468657 880.6168371067896 8.416908556017644 8.216444171644175 8.116149366798403
650 545.5992878844842 880.9186514747709 15.622712246131382 14.899732487336843 14.514785099449067
651 770.0962449613452 885.0224674083851 12.925401883904247 12.806434348413736 12.664713705262248
652 884.0785913614559 884.4815633290871 14.968225910433778 14.477355462697659 14.37612481705262
653 931.3536365409391 884.9448816313823 11.399588100597212 11.243542299930006 11.148433356998122
654 468.1702009154799 886.3239626218738 14.916218583886565 14.630308484464921 14.433597218510055
655 1385.2379840589415 890.2924340220545 14.82721002590985 14.303726393178371 13.961065005921812
656 811.46311092304 890.96899117491 16.497039948216862 16.462421379194353 15.746909482275624
657 1473.8395409445013 894.2323054445434 16.406261098892614 15.038033294665503 14.667673542925078
658 476.99567542344 895.9997213421324 14.551053822623537 14.100339170541062 14.154054448945494
659 574.3477086910785 896.0444509702264 14.275687885911742 13.847593305889424 13.527610706830039
660 685.546167948838 897.1461874103168 16.226232191082012 15.666346349549896 15.416413617729436
661 786.1624623288726 899.3265318352485 13.763832644887747 13.627707902893471 13.490182009793413
662 632.6356536234086 899.8618882765242 15.26955962196937 14.80846081164124 14.579888606144598
663 1027.466436402221 899.7174034410565 16.433655877617344 15.704892597513219 14.86285887087
664 486.89634178836474 900.9798949285944 14.194978577964854 13.906804365234033 13.850924702712785
665 524.97425183055 902.3630637603314 14.134362508925875 13.955582313709344 13.82546077817268
666 1110.075141980886 903.9689370870984 13.152191489726173 12.976612237448332 12.849847812405612
667 614.2962684532142 904.999742807899 12.173887000219448 12.022310632715186 11.92230584378123
668 514.1418086892818 907.1035157106118 14.852974568522427 14.416718716385404 14.68772751305984
669 959.8358821342716 911.8770572748097 15.252312900555498 14.594953689057398 14.050168177853365
670 105.76761119591436 914.9030697297309 14.964003592614944 14.56764425022658 14.161149807485135
671 835.7678273992528 917.0412385686583 11.69369982487624 11.54676937469445 11.44415147373129
672 1330.360183169172 917.3411739120522 15.546363078760969 14.979442247392305 14.615238379752801
673 1035.7248557713797 918.474473399116 11.952898426049307 10.905291739257624 10.320644917674187
674 654.0303488497816 919.2816457183883 14.679870314656485 14.377236309688934 14.148712705278975
675 678.0203564143583 918.4607924844969 15.513568785019016 15.341370024662666 15.183109634477379
676 1225.1069181882285 924.5502982221399 17.710842562752987 16.07175163095317 15.454174914717187
679 1526.646790892168 927.6810403370832 12.274281456398114 12.072683733758321 11.925143839619576
681 420.8994590698568 935.1050062520917 16.737969192168247 15.688515417610173 15.088157794566323
682 1394.116019516589 934.930268485903 16.368178899440988 14.977400199218744 14.441283971649476
683 991.721251744868 936.3463000548339 13.284385704065905 12.233827733090678 11.64662748378333
684 1128.6704369724139 942.3441551937364 17.15479514303466 16.330113816458834 15.529393092463861
685 1595.0276190188376 941.6631638803983 13.143956841893715 12.847616464525753 12.652497156594908
686 151.68752181105836 944.3430687536443 8.801671516551199 8.558764893616322 8.42530003001646
687 1047.5669536067173 944.1192106028863 15.539860229093119 14.076187033285299 13.23826099569921
688 1567.139829814592 945.0512962204979 17.64499068318145 15.434726461633627 14.8755270701483
690 1163.5613705570952 947.7357663341974 18.215180111856313 15.969652961693535 14.886753864528256
692 934.2290863596163 949.8043793697973 11.059331382249718 9.647066209934195 8.873900744690172
693 1399.0028177763918 950.6010384780623 13.175446806401613 12.603296425413815 12.263477696267822
694 997.3271470492891 955.8463832606135 14.417173699450547 14.069937379131156 13.877043927589598
695 171.71061721251758 956.762381697291 14.223558077413424 13.856250740770964 13.49360798648898
696 514.8839249247379 958.9255680236992 11.62037662740734 11.33601023541435 11.149286074594329
698 51.417258500488295 964.8112582054541 15.17912491045898 15.174618462825189 14.596951887258768
699 1043.1251229018487 964.853117449316 13.653240912637854 13.053201674059238 12.659309283334942
700 965.2474513871267 968.6398101066235 17.489272400493046 17.451979990896596 15.684494214252744
701 1600.9520363038657 969.118242582188 13.267862591606072 13.009954260480166 12.858350876527428
703 551.6617179792312 971.6688501612942 14.710831102186818 14.503516853178443 14.219799634980575
704 62.03509804122538 973.5017355360039 15.485907669089968 15.117642022868338 14.479998438149071
705 1087.2244513448584 975.8472042221148 16.005662165695348 15.098446205289557 14.503130252963894
706 219.83116910650392 977.1338060823772 17.893968351486585 15.97763177522155 14.600567220222187
707 826.568053257808 981.2816182152128 15.756585942605117 15.31364486785608 14.88810584835369
708 1015.240667614006 988.5951702205665 15.877263294365054 15.304291921180154 14.71205131354277
709 240.8206304310111 989.5986466003541 17.329246721393943 16.430628248491487 15.065839109275586
710 918.4302645284887 989.7622602487089 19.79052680150892 15.912342385120388 14.958902146672957
711 1071.660967243625 991.7526881068036 12.458449687159192 12.298095033048016 12.199632463851339
712 939.2079521980905 993.4142803926125 15.264476299336046 14.917912741563821 14.572728167657678
713 290.536843273049 993.9828109668915 15.849376763402491 15.055821585565837 14.477471738026138
714 588.7372427646814 997.0595073898247 12.276466736499119 12.035210219375735 11.836843276897703
