src/obj_magnitudes.ecsv
# %ECSV 1.0
# ---
# datatype:
# - {name: id, datatype: int64}
# - {name: xcenter, datatype: float64}
# - {name: ycenter, datatype: float64}
# - {name: Bmag, datatype: float64}
# - {name: Vmag, datatype: float64}
# - {name: Rmag, datatype: float64}
# schema: astropy-2.0
id xcenter ycenter Bmag Vmag Rmag
1 558.5821422495022 1.553447827399145 15.68928535739459 15.275841761053973 15.244903270383979
2 215.4588279399274 3.983022591080132 15.815771119099008 15.906980234932634 15.342412892913183
4 1373.7256085823674 13.534586033156419 14.203652326627292 14.078608650094244 14.026161934201072
5 733.2994363144586 13.335078874553421 15.885125083628285 14.929816212545855 14.504504540481872
6 1181.245040725141 13.348170003563451 15.885390773321472 15.02501002741372 15.007060184080622
7 336.13127255653905 17.162987601026444 15.609194810018852 15.290687290701829 14.847589411718948
8 788.9605066759916 16.500805548609634 13.018608379573829 12.747147500124049 12.532762523790582
9 144.72496142271015 18.682891776588065 15.145567356395862 15.57209316267854 15.013918170998622
11 1366.7676792434581 22.887029930438892 13.32410322845106 13.24406093481389 13.168136453554364
12 1330.303303992684 34.07497432636191 15.624545347961693 14.806829873468917 14.631157799528028
13 1566.0664918751183 33.85256003308063 14.850729449859486 14.195733214360361 13.959832688441091
14 249.20921089678936 34.678567170889636 15.817523632032017 15.420686951517308 15.038876242198533
15 1130.0474708363538 36.953121679251744 16.92401487989534 15.33197728062449 14.907985373768522
16 1192.9436043616645 39.431716085267404 16.869490303815404 15.200084258460837 14.866044556765289
17 1342.1591085140708 38.86194153407492 15.847080729987345 14.908663221314935 14.512941572801171
18 37.64380804439485 40.20389055246637 12.35436140168619 12.419001807789405 12.225809871307161
21 357.7438939098241 45.14184371059124 14.542178371412993 14.10873338033755 13.828084970769785
22 1597.0587089933902 46.637623228454096 14.258823791362582 13.735911424254121 13.585070722139925
23 313.9775412423641 46.8114058059995 16.791309386099336 16.72165581761441 15.981180098693965
24 770.6620063096956 47.81470604394732 15.430635388904987 15.031482889018266 14.849369490117898
25 1513.8431752467714 49.730477579123 14.929696471758293 14.549801540128817 14.40529231331425
26 1606.230833809153 50.56478492854912 13.571603544619615 13.140880024204032 12.842244630493298
27 130.46592754220558 53.32804128211492 15.565988309313598 16.389298565839805 15.625271623266851
28 1632.679530012176 53.785856432346385 15.562157724583066 14.56287744029511 14.087825758744215
29 1145.6282544137516 53.71995644838461 14.193791736675713 13.93181770536123 13.84738013568354
30 811.7209897479356 57.65355077726047 14.60078114024367 14.078195028217166 13.623587222888002
32 266.62516517312963 64.28625576072037 15.995736063374173 15.912405769048194 15.71030466092704
33 1603.4158494801568 74.23118548357064 13.840558191805952 13.41278688101332 13.245853646677775
34 885.3500559129981 74.88789080408165 18.2653091411628 15.74734306312819 14.7971651672975
35 92.93826429172181 76.33264373211028 14.12574943002524 13.684537552027944 13.164730630086908
36 783.8415037984801 85.20546836381467 16.994194412642777 15.863359790796002 15.50998585225968
37 1284.1242803796738 85.06483002976363 15.866512979436868 15.124161794790293 14.85041086937082
38 289.7577056371319 85.41981306621672 15.940866539283004 15.504220313537738 14.994313331093112
39 878.814528676026 87.28100425316288 14.91288254548859 14.452433510967644 14.151230430913035
40 696.8247992021144 91.10280339913609 12.523516661107376 12.405234825010451 12.328326274016998
41 980.0800856923009 90.85942388230856 15.069724549375145 14.660295415234067 14.191229145205302
42 134.50112603090545 92.51813803194307 15.42862057740342 15.147746203654654 14.801637488982648
43 595.1282106549038 91.96309770181269 17.332281942679202 15.791565168355941 15.51273714240024
44 1483.6647200286195 94.10690076698104 13.555720325457745 13.386426885022331 13.265556416267525
45 824.5554846684126 98.5657341918581 12.696753750664696 12.56805399608056 12.44632832218933
46 1203.9993095219431 101.36085501614383 15.530670190007436 14.886536464238954 14.754519436496022
47 1255.3208907349558 102.64678298672054 13.758701396001277 13.47038392591218 13.313618556991273
48 60.44415569993334 107.14324531462572 11.181258595080125 11.142213622516362 11.04518809612738
49 531.1411234803304 106.78809931097697 13.8138303766846 13.35587248469799 13.100888064183033
50 1076.6268311339688 107.5944679927215 16.964669081847134 15.741289676759537 14.921756624868127
51 622.4726320944396 110.58009197099207 14.457822463102735 13.893824975467716 13.602878881327584
52 562.0808998569316 115.48367441881392 16.079568835110475 15.32469472325553 14.898657701319433
53 145.7501433723949 117.45724265244264 16.745219446149243 16.231067703661996 15.492852812857569
54 236.2702968507269 118.85661348311828 16.76516568537866 16.10153083456845 15.680932999461831
55 1197.1605506585154 119.67472707440245 12.83824774342635 12.372195918770634 12.025834831504064
56 645.6229077485061 120.51492665260955 14.191354611417282 13.91334426385972 13.77009799335023
57 106.60222455674919 123.83501309776953 12.317034143685493 11.955599611737357 11.72135854721494
58 1196.2056247606502 127.12065491326041 12.846828656143296 12.357774509495997 12.022770821450365
60 1580.1893064408837 130.271808549265 15.819336998617397 14.032107410516957 13.201606897430505
61 733.1438294216265 131.91300994502822 16.555545240801628 15.869938836324469 15.300774281841983
62 1281.851227623606 133.5303635621178 16.09997561411714 14.765176977138456 14.289749183173175
63 173.13064152736047 135.82552095978068 16.700745491961168 16.237519005251112 15.072615812609046
64 1226.2351495802736 137.6970249599058 13.879339991454474 12.971862282594834 12.471214883710514
66 850.6917668849139 140.32300983509657 16.436276130311295 15.36143541499181 14.828790190354182
67 1378.9758657252742 142.44017756936282 16.268057184511363 15.242072066723006 14.974175436605936
68 722.6374239455471 144.3110371174415 18.450640885450653 15.342400358037233 13.931494779413187
69 1478.7906168414945 143.83330541153344 15.227861979623578 14.545013224246276 14.178729478026757
70 269.94918597904604 146.09742183305377 15.905179393044223 15.187048438122718 14.883820876322563
72 399.96982302537333 146.67706764190146 16.019568014269325 15.220084235526642 14.903107528990045
73 772.0060933353348 146.78230831843445 17.372657114232837 16.29379109663839 15.661639526640055
75 1362.8403321780318 147.31744537367325 16.261362359082987 15.334084354018932 15.095670897388004
76 108.2148867430402 149.80177742976383 15.760168462386313 15.096011538786307 14.06419002678774
77 490.599485377668 151.98748464300294 16.48377985067353 15.652457729008383 15.246379141374028
78 1032.9651072640067 151.42791567800927 13.867942843446986 13.7445539067857 13.519088139993164
79 1608.3635362503283 152.3375926949416 12.814175961384779 12.350252430737381 12.037532871736982
80 1222.5101882252443 152.81340042125777 15.776512255672356 14.764077319652777 14.56003438198871
81 203.64325809475804 155.07856241865082 15.736481786581923 15.131665382522835 14.816626096478672
82 598.6986473170739 159.91115627103818 14.329111230138569 13.666202898423041 13.379132910386932
83 245.17304827880002 161.0893747675036 17.742730363054157 18.16304936412648 16.288788508169276
84 927.3276096641199 160.92137445021933 15.401025943536172 14.819722620053632 14.537296219709106
85 1531.9079904145933 161.60322742158573 15.951929250576306 14.856701864012752 14.629412866331306
86 901.2369580326653 163.99559133010476 16.54555833764212 15.50418511905078 15.126458910632195
87 135.21382911802004 164.602971278114 14.884448161987612 14.123225290624987 13.56635511768959
88 1200.9005916009173 169.7315831153936 10.66261668139085 10.628699101276966 10.551784498914401
89 593.0588564413546 175.5685371159418 12.863162468205655 12.736855576092056 12.690474882389713
90 958.3071429179432 175.92782564138935 16.69782371972458 15.660756597542452 15.175952324612496
91 449.7081922012198 177.36838246130813 12.649537254931666 12.541836781072139 12.510149823716944
92 918.5283622233918 178.48714965391696 14.28977972466405 13.831059771850594 13.565623083831865
93 1382.9121295438897 180.33942985528788 14.514913217712754 13.928414005159732 13.684076180526628
94 739.6559180091261 180.89446653690956 13.674105415946023 13.287947279937981 13.00927136330335
95 1517.708002128003 180.84413094019558 17.47109720882396 15.624828096650758 14.877373074711095
96 87.1406469256766 184.14053850787045 13.729896139289398 13.415385466642885 13.21035369932205
97 203.71544661437272 184.78243150888426 16.213222193781064 15.674322687945848 15.44453890367523
98 616.9933278151537 188.72831559364488 15.133164253391026 14.406914927229277 14.220333585037881
99 417.0181358775761 189.1148817037298 19.036614282717444 15.992882180373917 15.790439397016684
100 1367.8815117672798 189.41611537483828 13.581026221792028 13.069045285590818 12.72489339478193
101 1196.8972086027318 190.57343543255 15.456218037954315 14.687663796911787 14.176637070682176
102 817.5876329171359 193.40817968057783 16.463626889736254 15.23804747843664 14.784868457971175
103 1501.1097301187128 194.2447841629069 13.56643403033904 13.447217202456294 13.360697341287446
104 112.49559389929627 195.17628614104092 14.753307140929007 14.432360439141878 14.240197395030249
105 269.73681299328405 195.5457138964056 14.718565635533894 14.246124784044468 14.1105991558724
106 40.186603078922346 197.08030275495835 14.054399441489894 13.889160593415754 13.512845655391299
107 883.1612796571623 196.66546076099232 13.108681666104925 12.741644795472565 12.520417896526974
108 982.8777513331434 199.21219708381548 15.857784981217373 15.170088195140405 14.759357310379555
109 467.4056568045437 200.3565821672215 13.636222847105048 13.515464306953339 13.463234586966966
110 539.7258644890915 199.94264485315466 18.44375966557424 16.278018749124527 15.829594695926936
111 620.094588510187 199.78116653075034 13.782014767742188 13.507447192693594 13.296269183512582
112 567.6770997054787 203.15506745240938 11.084612852191919 10.925139687575365 10.85528056018935
113 500.4174743578964 204.23465891582464 13.903423407762155 12.867870934718082 12.292478431994352
115 1251.8291780285833 205.3646132412385 15.64451488598719 14.83906740225097 14.498248385358739
116 1198.818814018887 208.72600755378684 12.957211549125063 12.775650986164498 12.6298347045738
117 1210.9732072111638 209.9716324068299 14.23887149470288 14.060903015746891 13.633937997198787
118 320.9261594477726 211.57004401235133 13.897249030805332 12.864402231414132 12.332519448788263
119 556.5734667755341 215.99224079631057 14.65752680902855 14.252616359699314 14.330951909431558
120 468.21576710601374 217.96831855738938 18.5365553593278 16.652066733237223 16.281949416059636
121 1227.883388420483 217.9347200366769 12.980841440616922 12.034665144755754 11.488167912958927
122 1541.3470626298022 219.28332374987244 12.025728316589836 11.91062777496508 11.774786348414228
123 706.4063337339197 220.8697862646191 14.888275708245551 14.450275327767045 14.18727410332787
124 244.3092634011966 221.95947134218724 13.434382717218186 12.527857998184958 12.035096066849434
125 1473.154344603117 225.4999767037729 12.416231675189197 12.263175576393841 12.094912669145154
128 517.4836443311065 231.75201782538875 18.775494005248888 16.352734593242307 15.654427656634214
129 359.23892401401224 234.22752337308546 16.785616908897293 15.855025364186396 15.90166652009367
130 1012.2509982395048 234.4312398701563 12.236588600695855 12.084216315684898 11.973911794597386
133 1308.5357160849296 239.14215083477546 12.31637590530244 12.21034824451189 12.131745016927761
134 1549.2947505698405 240.65572355866988 13.565809280479025 13.204399457504195 12.99255478975111
135 1144.1065947881882 242.50159087491085 16.32424477628639 15.290054892485696 14.828647007815608
136 170.50518953888258 244.34565080909192 17.86174059437471 16.05687268904024 15.335412429382481
137 663.9626067484359 245.88351237984222 16.584385361203694 15.940484944306055 15.601704863044192
138 1431.6255680098375 245.80994259434368 16.79662012048327 15.743598073050496 15.067302051111394
139 225.7418584562424 250.33123291342028 14.37943742217128 13.443614032738306 13.132040033425941
140 689.0340583967511 250.07380282259533 15.778790769677132 15.225854109112973 14.932875765150996
141 238.36668103095977 251.56894204375803 12.890186304350959 12.701928479136281 12.588812638795622
142 423.36787686475697 252.2837951171388 13.85461554425077 13.394259107883963 13.168174236952549
143 558.434546316492 253.29407944995236 12.694928758371908 12.363839623010541 12.133412010873274
144 775.0440359371516 253.51302136377421 16.47452486689142 15.289797713293135 14.763149987389951
145 1310.18142971328 254.55906184034058 14.925272854496164 14.366814783777453 14.254198888645554
146 167.15688360028258 255.18990868822607 15.429600080075637 15.015518075013926 14.66707645787767
147 1645.31506242327 256.4233319518045 11.465489714793957 11.37558079994819 11.297679491194675
149 1409.8730521447933 261.397590938705 16.72865658753917 14.9179063385846 14.164264913337183
150 766.9549579221496 262.4012449333518 15.400664978007232 14.337578268591507 13.668885593976075
151 613.9500733882596 265.4018041180066 15.584498964978415 14.860937971601171 14.505842186024156
152 1635.3211613681071 264.725716411799 11.29335910110578 11.128819423151288 11.03414659611974
153 1447.8383334756916 267.46823358406584 14.777639122825502 14.362547714025693 14.226509632782616
154 890.7747724277206 267.5109267868484 16.017556336530262 15.639263912651366 15.331098561244524
155 407.97912558979255 273.3742982779163 14.742069126235524 14.307969958204113 14.129868523875123
156 991.7973618217026 274.128527407313 15.344236642363816 14.756907097152062 14.376301586483779
157 1649.273365336979 273.90428765606106 11.43714417134709 11.283696334893744 11.240442008183486
158 1509.7324193120544 276.0674384705421 16.231868973921785 15.37348474678069 15.095326371990856
159 164.51760836121707 279.9937528980594 13.248929015746139 12.963677273663974 13.073866467633632
160 31.78445245114245 280.582111151014 12.157612030173834 12.082802849826379 12.055919923045305
161 178.6396467337401 281.43699596052124 13.505367148327462 12.65575484930198 12.179095044566804
162 1441.985584499044 281.3979647048493 13.068409847324668 12.75801260422953 12.540339291565555
163 245.36771719627797 282.2898724800711 12.690883134310237 12.410885343537357 12.270035042448425
164 551.9121264491072 282.74816109414246 13.66112162846547 13.217735958299333 12.951815901802574
165 966.0422242373803 282.499311593105 15.81961972901517 15.384775767774249 14.942426652113438
166 931.2485285435598 284.3109210332321 13.513719004808099 13.216191662750946 13.01023267532325
167 1397.50738133595 285.5511013789712 14.010132549041856 13.410508199945248 13.002347063811383
168 1571.4971366262541 287.6390710859665 14.16556247383223 13.760685868756108 13.573904550599504
169 281.0512060407089 292.38600077015724 13.67342127726974 13.199336591405553 12.962173325090504
170 370.5055321901123 293.4697992603722 16.269653130568948 14.832291209141824 14.726653098573419
171 659.7033818046948 294.27322812865646 14.810051231513205 14.294611628600396 14.063429952333554
172 909.1663333455367 295.002070526798 15.579491774641923 15.200358784708087 14.831794290083543
173 1251.582780183991 297.5092691642096 15.473331059169515 15.03224376551999 14.65458089651711
174 1331.226721275613 298.0451053270225 14.454597931688067 14.114474362631377 14.04389964162169
175 778.6665307239391 300.3122639204765 15.088908458145442 14.597786087870857 14.394407050928743
176 1454.332939944336 299.5484349938048 17.25168328341079 15.092930695814122 14.048980524683923
177 1421.3504645237012 300.5456298330595 15.271098374782063 14.859634173860671 14.588497595626704
178 871.1418545755364 302.6150976056378 14.200331222267742 13.558061183516678 13.08279882020489
179 377.37083587332484 304.08702304586717 14.16659449549676 13.637551202571652 13.471348230152106
181 1607.2079935274398 306.65754891294085 13.03864080687541 12.41474687845649 12.05778782810717
