src/obj_magnitudes.ecsv
# %ECSV 1.0
# ---
# datatype:
# - {name: id, datatype: int64}
# - {name: xcenter, datatype: float64}
# - {name: ycenter, datatype: float64}
# - {name: Bmag, datatype: float64}
# - {name: Vmag, datatype: float64}
# - {name: Rmag, datatype: float64}
# schema: astropy-2.0
id xcenter ycenter Bmag Vmag Rmag
[from data line 166]
183 1372.2215691137644 308.85176564254505 15.496738898749813 14.83170815035225 14.478307154177177
185 182.034719231646 309.8694484112359 14.532879839784625 14.048912258150224 13.704237242518984
186 412.6759138918971 310.2315873051049 15.027746125876057 14.383248758740095 14.108720907687928
187 698.6021737019083 310.1790414292676 13.61077779083058 13.446967253874092 13.361381893235386
188 390.2639947779809 310.8140000833383 14.676274108958328 13.962424232932204 13.63635191096651
189 611.8718088477327 311.8162185114216 16.00353185294221 15.371264727344446 15.037540450427336
190 76.89085606042484 313.0393391965029 18.056267380534074 16.08193605524788 15.813334113389846
191 721.613172873608 315.57272913315467 15.866647772465793 15.167439170835912 14.762770804143544
192 34.49678341764258 316.8229771679238 15.918633076782884 15.27139629979235 14.569928680302924
193 955.2278382179413 321.3270328552705 15.913287241624237 15.362857932055553 14.92497842947866
194 1046.1127811997128 320.4629531319554 14.427106574884665 14.13739682540071 14.019266877456296
195 18.921889214472206 321.7590512638589 19.271010612020337 16.822627355135342 14.647809271412378
196 1375.0714311550219 321.8478537335536 15.111990054053738 14.165515324509222 13.72114311127184
198 1116.451650253048 325.44831810991786 15.076323455245424 14.633264746876051 14.45362996083135
200 88.92124679570813 327.9054595471546 14.454208360988005 14.07843810676093 13.38384843729878
201 79.71154470953776 333.0943575250146 13.351084176742841 12.912282479919897 12.69679259975328
202 943.8271166661557 336.69146750222325 15.02583125262397 14.31564154366809 13.755202012236927
203 490.4063064647097 338.1690477533716 15.28333300309 14.26980785911763 13.845471673004498
204 1346.1479189142508 339.38109748792573 16.473787977424728 15.360590591363756 14.832899170190258
205 760.5773174652542 341.56796585456794 15.08504940698992 14.470333394257207 14.10275707293866
206 616.1571958534896 344.4267029323549 16.910129033930247 15.829933172258258 15.76148934337444
207 1070.6216999791654 350.3020799303158 11.970418815082022 11.769404077967158 11.636948472879158
208 969.2517595234161 350.82583880444406 15.188446932494983 14.999695760746512 14.706813345087788
210 1537.2443238523417 354.3054802209135 13.196579180864278 13.05837673100268 13.472210498278404
211 281.4431057538058 356.77643621409817 17.14371312374402 16.078228156218792 15.6344129196534
212 417.50729343286196 359.3166033756889 15.37483367385828 13.909035383194308 13.220066073588017
213 890.4488722012019 359.53880641441947 15.381732364927144 15.086838262470692 14.854601523708055
214 1313.0650970197019 359.81833930737065 15.865366499171806 15.244496570677434 15.023147923506574
215 1339.9949511588989 359.71369947018235 15.762903464245023 14.982675797159924 14.39692890569785
216 597.0779109362205 363.69716994663105 17.25799360511824 16.167451245157945 15.799968314088037
217 318.0114478776377 364.99648363178187 15.130536661177327 14.811989393733468 14.756978402334639
218 1231.8726914220756 365.9845830644823 14.432696248056308 14.044270740692333 13.869008106015455
219 1522.9594540365777 368.2100513176415 9.79979158493795 9.77841912502673 9.712262212969843
220 247.0699654448165 372.45229781250714 13.118224756075687 12.1877871288247 11.677943469747436
221 773.574353994505 373.0142776149795 15.483323481347588 15.063724627077434 14.634905065963494
222 1363.3427251642279 377.66210284039715 14.912413417991884 14.31129372491096 13.982176581192935
223 885.8893785856601 378.47030335222945 14.844705477995493 14.34038448570124 14.04211631633077
224 684.7754013256754 379.62335163492315 15.188708503141426 14.46175859233397 14.042772602462378
225 57.45080504043191 382.52713547173187 20.099151986951238 15.058532863241895 14.10793333242115
226 979.2186790906578 384.12659656291635 15.021335278210334 14.630591716748985 14.313895503238278
227 1354.7808999331812 384.69869801632063 14.650783774449284 14.171124691483207 13.921699803034235
228 1561.3138730752944 386.73136879033103 13.089148755635035 12.774556824047059 13.245157365538532
229 1190.9421463634972 387.10446875950413 14.771279376606504 14.306059946972768 14.023046943413133
230 451.1818564094129 389.9449318763774 17.81084529282739 16.047853802663397 16.20430528939215
231 677.2222646528888 392.2593173876378 13.357086219074876 12.942997313803765 13.420804660556954
232 421.0264529728294 392.8332139609398 12.608530240407628 11.7942423982877 11.349082766967946
233 874.0016745695145 393.74211513168433 15.190904870101441 14.80908063981527 14.601523989384738
235 526.0817801363875 395.6485218646141 14.316540118592634 14.05492836175838 14.027466862699175
236 500.4539195531732 399.72530892595154 12.125934002067254 12.088283551407887 12.041746285193204
237 1541.76543432612 399.8300849920916 8.171992060122143 8.13448879258273 8.095074525332379
238 607.3345452189169 401.414588275286 15.404818877886331 14.404158690163293 13.827045044808463
239 897.3044629422193 403.5679133093696 14.771769022554738 14.508243116233833 14.418175342939486
241 677.3965482267587 407.25291613759805 9.988322670681725 9.978272991284527 9.94786787052836
242 1170.3082438834067 408.1691270053857 12.284183839889241 12.036715112971347 11.895239389634982
243 1459.0770221169369 407.8387091566884 16.12086415941827 15.277900580704824 14.874962370865921
244 522.3062498835565 408.5828928758905 15.486265755661966 14.941831366609794 15.134301990641493
245 1567.9985148828885 409.13564368960056 14.81398742439404 13.630422601181605 13.05233866286903
246 574.5172405869913 409.6180840579462 16.224090054861332 15.346586347401939 15.276046542477037
247 608.3461241900435 407.79042328372265 15.197049187176685 14.328604205001586 13.804837420988912
248 816.8996367447586 409.75779012465824 13.776337506690895 13.704617397564295 13.619057382435347
249 1030.0678392016684 411.95308947642974 12.819331485177809 12.5891893850524 12.411327434417046
250 461.82838032744365 414.0396279209958 16.659961823177586 15.09573240593751 14.192144027560053
251 451.4748639495685 414.8957637791097 15.908285945871464 14.720901775577843 14.458688867265296
252 849.9933543369747 414.86490343266973 15.335259632608697 15.291118280887734 14.937459871300396
253 1105.6530248240838 418.3348427478547 14.943517932669627 14.04153186224205 13.529451354989227
254 273.4017887518509 419.3006523505699 15.400532470362798 14.60756958886077 14.109332448206123
255 1471.5181746397893 420.46748384385234 16.406158523421336 15.52178564797297 15.147037487880546
256 622.2670236941103 420.9782513461169 13.256450639173753 13.160267247717124 13.15017105004625
257 801.8125376597606 421.28099866746317 14.291126301177465 14.32433024154985 14.260034589190282
258 1591.8933995992988 420.6298018533385 12.99241866460408 12.38048775130393 12.028969249506552
259 456.59820135259366 423.29753693030074 15.122353264984321 14.418417745713226 14.094721208051295
260 311.057817619142 425.88210001884613 14.82994517764539 13.957657609313644 13.451796192601284
261 1245.0291440439569 426.47292522044177 14.238515472815081 13.902352367281262 13.747719268043086
262 1342.7846429841732 427.64581534414657 15.770008838116016 14.87773627125549 14.245803476492554
263 356.5487190521074 429.94663019436433 18.229707409654118 17.336910612597435 17.495023549008508
264 753.9339489670184 429.5309639910084 13.814647307340206 13.765420396044481 13.622010365344916
265 1260.281250857924 431.3011085806664 14.511572507080254 13.795605515960847 13.386049688989463
266 270.05269380660764 433.21312094048056 15.254190279695452 14.47159039705136 14.338944402682586
268 763.5898707455802 434.1841016651983 14.433638404415836 14.442111997324625 13.88156215720183
269 873.5076018177214 433.66847405358544 13.673471955758774 13.469446434690722 13.295790596369457
270 1580.4378331617008 435.0686648569574 15.46658216438446 14.692887465667141 14.318037272700712
271 979.5044336599206 436.59211243962613 14.65149974547802 14.251878096199393 13.99252226315169
272 1098.8170136870187 436.5670253918238 13.5639674694883 13.380043523024689 13.288603632948252
273 1498.1417588539725 437.20464863821456 16.203298550431544 14.795020266097996 13.974221137735615
274 600.8429286795592 441.1616447519323 15.987334264570594 15.210307795809227 14.979281000337288
275 712.7401483542259 443.2427513460456 15.62778370633243 15.848504354555212 15.388063479191743
276 1134.8399056485553 444.2174813738572 13.774040977923175 13.594708325841687 13.517451445577754
277 1244.3051520674953 444.1088100635699 15.575979548018083 14.718902682697765 14.50943124915472
279 211.13264966064472 447.63800802686666 15.437366872021022 14.71457651061492 14.416146725507653
280 578.0342361466013 447.5758518704609 12.377923138966299 12.132350830867088 11.959344373048571
281 940.5737497182183 448.8637458924492 13.569813225415572 13.410124586889998 13.29932071130435
282 780.0579343156415 450.27061486257236 13.366472696317881 13.318935698406529 13.267061605912865
283 858.9946110502968 452.2003057089047 13.017861330160404 12.293869110303493 11.847459207772701
284 1269.8204160159817 452.02207718858904 16.901035895166693 15.654698219816659 15.256584857687663
285 222.55335695790617 456.39048517829065 16.753233642219755 15.546745775559529 15.342399117039834
286 632.6345633794931 455.898887114192 14.888924604778097 14.358202367884948 14.047711901894365
287 723.9939730462091 456.128130235465 14.543864277837503 14.603663084443419 14.367132936893698
288 765.1131537377391 457.3607873980856 12.909228439084876 12.88003473874063 12.762333505543708
289 1507.9438354485499 458.0370554556833 10.055171158460919 9.994725746836826 9.909494075574019
290 683.051527509363 459.5020812362091 13.71122741580187 13.443552796900342 13.096873580926887
291 155.0744713101633 461.7707338656542 16.9933165936392 15.81455580807302 15.242066575650849
292 541.4038962704869 464.0091354057754 12.272046945874768 11.448550374376174 10.993958031523757
293 1224.209139091994 463.8545111478273 15.349803921161357 14.718801591115048 14.336871323390959
294 498.1610949738695 468.7690224915144 13.453753651671006 13.070828381385708 12.880282314753995
295 864.667368870401 473.41072861603146 13.523537255611943 13.433414075736865 13.374257555119396
296 1312.2780801379033 472.6564432484407 11.030532180393415 10.994391687717297 10.982274671342456
297 1344.4837109745722 475.6058743576501 16.285427744947285 15.545552366522903 15.032249056625089
298 444.7256716858843 477.27059624970616 12.187291357741802 11.783525055761277 11.515978343703424
299 697.6883170754917 477.5292681728969 14.388419281284431 13.543520741144885 12.827447572203788
300 963.6364404555811 478.0348997834371 14.01361745195017 13.836786501576949 13.731793109150308
301 1084.8498861545606 482.3009856018032 14.7669528844344 14.33708683272177 14.107632495601125
302 1526.5553662690184 481.8414088776426 16.86146516213842 15.376381079554932 14.935050007165493
303 644.2124531537257 483.39483203731544 14.768346036762399 14.487448623076697 14.426891882354212
304 1162.107316058273 483.5911505709046 14.18572747562706 13.955261956675598 13.835638187092538
305 759.9970182431643 484.3921336349385 10.135479502739448 10.134552477137687 10.100619588012414
306 35.740464566160774 488.9412850677552 13.275659613673282 13.080231692898003 12.91272767397139
307 512.5744479783319 491.01085394985506 15.277300777772076 14.498053360863064 14.253383685963998
308 570.1092132541537 491.63729182913414 13.998482256025596 13.580116837969102 13.318746051838662
309 523.9169491142266 494.2993376164034 15.742008170417758 14.951393695735188 14.72693621632999
310 1380.3173324214201 494.7558206579167 15.233565017060087 14.57027350230743 14.378419820015754
311 651.9280066361235 494.8301894475786 13.572714957783 13.418797207250766 13.358017054261705
312 126.68428543590993 495.8499953760694 14.713589830027418 13.870753299449138 13.417678137073926
313 790.8585045070886 498.6278540140083 14.943021115147122 15.201690441706667 14.900866107830826
314 342.7810787861095 498.42611310175545 16.842665482433667 15.582804552044083 15.25981596456036
315 1301.3408563145833 502.90831814861525 15.399147462142327 14.695968262380209 14.310126404199309
316 1501.4346681117133 503.2642244685092 15.604508348802147 14.19959520662909 13.512257644966134
317 597.1869893558852 503.89270764180304 14.684895342930963 14.33290038059461 14.197241743395072
318 85.14168560658581 505.4444561822942 15.723429403825449 14.64518025990784 14.116024529242896
319 821.9754872471946 505.5785207605675 11.84386011010293 11.827787617289282 11.769046097077927
320 583.255245680669 507.5112175600548 14.597289278037586 14.258876060813591 14.466886743449898
321 728.6341550495035 509.5909128447894 14.527507533396859 14.5432497901382 14.32939304119606
322 646.7771558546592 509.5381195043455 13.25127283102999 12.34830829870018 11.704562183789653
323 918.6900955337127 507.8433492630345 6.709726421644412 6.658976927926144 6.675792594322747
324 675.5495770454042 511.4120344099671 14.89879147837162 14.916936913298116 14.798689764868579
325 1183.756628995729 511.17722704579154 17.24822177090052 15.693914033050415 15.388487744241342
327 172.7745219349225 513.5013288376298 17.060568311483763 16.016211904356748 15.622989875281322
328 1230.9938075016953 515.1333670074024 11.90120828357673 11.810937323283444 11.764602017357733
329 1041.2009754273047 520.0072647617641 15.468294496601489 15.174359276170543 14.9415454960624
330 802.0256955418148 521.2164342212762 14.990008141377649 15.168151159922466 14.566499432408323
331 870.2534087274195 525.7021165569631 14.69742014410777 14.739665839465282 14.489410404800209
332 688.0216139429255 529.9700105638535 14.916139682223402 14.89345118540916 14.536454321833975
333 1508.690728690293 529.9264106606867 15.714703638292612 14.912606606055341 14.618289592024324
334 970.1229610872234 532.1999112598968 13.672295028851899 13.593580215248917 13.441342826829478
335 1033.022834729101 533.2933797944079 15.311400727846493 15.02454481359528 14.726828137151285
336 1312.0540523392708 533.3647355997548 15.437494991467998 14.919282827585146 14.691003381563092
337 621.3128276912211 534.817205202593 14.27112092291177 14.11763422442029 14.081208345465303
338 703.5431794174943 535.2208831078118 13.497654112496164 13.398172907782987 13.32079341480387
339 915.1972527894053 538.3505856584856 11.661981511047639 11.61051535453964 11.537748890005094
340 1421.5641604710845 538.3583971101459 9.269013497369082 9.093770631584695 8.975330611505322
341 374.2994668140502 539.1185199315975 16.616514146032117 15.516788662409144 15.228276102752238
342 679.6466525709496 538.1261921801658 15.147123948228774 14.93610168167931 14.723612791349767
343 1395.2061545581414 544.1177246501647 12.529685989658224 12.301664864115727 12.102720220166274
344 720.9489074391655 545.9086321235088 13.26063104831582 13.187030821177693 13.138713994668318
345 1020.9682167077751 547.226648270485 15.169538899235608 15.167267368511059 14.723147491400567
346 961.9978643209905 548.4067250362758 14.528681085875 14.465313960064105 14.301982586240621
347 819.3292253289168 549.2137625771849 12.59229047060396 12.572803238252318 12.477377921731849
348 1121.9070784078503 550.1560499393993 14.428959979896645 13.9298665888639 13.658486201217368
350 738.6191573013976 551.0859023631369 9.221309721144241 9.206902876666142 9.221606098483992
351 765.156157388671 552.3580135032387 9.964317497527842 9.978128394445251 9.95678840613694
352 791.446643025294 551.5280335447972 10.488171670535198 10.49405911494021 10.452741053724276
353 625.6905842841609 553.9761196371285 12.663441753174501 12.564067675142535 12.484985341882943
354 607.4163228144225 555.6881819463006 13.317644193939545 13.233772079422199 13.202252030248419
355 1258.9450107386251 556.9611083526469 15.244810989009109 14.807981417020267 14.792270870610531
356 812.2705621781614 558.9370591312688 12.423247757597544 12.338884541648476 12.366060792576304
357 463.24252928179146 561.4420365613532 15.257225454874648 14.467949231655059 14.234241459032937
