src/R_band_aperture_sum.escv
# %ECSV 1.0
# ---
# datatype:
# - {name: id, datatype: int64}
# - {name: xcenter, unit: pix, datatype: float64}
# - {name: ycenter, unit: pix, datatype: float64}
# - {name: aperture_sum, unit: adu, datatype: float64}
# - {name: aperture_sum_err, unit: adu, datatype: float64}
# - {name: exptime, datatype: float64}
# meta:
#   __serialized_columns__:
#     aperture_sum:
#       __class__: astropy.units.quantity.Quantity
#       unit: &id001 !astropy.units.Unit {unit: adu}
#       value: !astropy.table.SerializedColumn {name: aperture_sum}
#     aperture_sum_err:
#       __class__: astropy.units.quantity.Quantity
#       unit: *id001
#       value: !astropy.table.SerializedColumn {name: aperture_sum_err}
#     xcenter:
#       __class__: astropy.units.quantity.Quantity
#       unit: &id002 !astropy.units.Unit {unit: pix}
#       value: !astropy.table.SerializedColumn {name: xcenter}
#     ycenter:
#       __class__: astropy.units.quantity.Quantity
#       unit: *id002
#       value: !astropy.table.SerializedColumn {name: ycenter}
#   aperture_photometry_args: method='exact', subpixels=5
#   name: Aperture photometry results
#   version: {Python: 3.8.10, astropy: 4.3.1, bottleneck: null, gwcs: null, matplotlib: 3.1.2, numpy: 1.22.2, photutils: 1.3.0, scipy: 1.7.1,
#     skimage: 0.19.2, sklearn: null}
# schema: astropy-2.0
id xcenter ycenter aperture_sum aperture_sum_err exptime
[from data line 196]
197 286.2726487185626 324.2513095381528 2870.459499672599 400.34800725484195 60.0
198 1116.451650253048 325.44831810991786 14515.87006061701 409.8816581112685 60.0
199 183.77008954981014 325.3885918830198 5347.2957369555115 409.7218554301175 60.0
200 88.92124679570813 327.9054595471546 38882.63435690345 1339.483009155067 60.0
201 79.71154470953776 333.0943575250146 73211.28276510428 2326.979794985628 60.0
202 943.8271166661557 336.69146750222325 27619.40073690505 517.0309784130317 60.0
203 490.4063064647097 338.1690477533716 25415.95231903434 614.1404438201872 60.0
204 1346.1479189142508 339.38109748792573 10236.120462802011 402.0679101935603 60.0
205 760.5773174652542 341.56796585456794 20053.594416538384 475.08207087797143 60.0
206 616.1571958534896 344.4267029323549 4352.104541114936 391.7683645158105 60.0
207 1070.6216999791654 350.3020799303158 194319.1790980515 2614.61857682094 60.0
208 969.2517595234161 350.82583880444406 11496.60786157135 405.52394708547166 60.0
209 30.412370948731596 352.6048630558465 1365.1379208209908 769.7439016969319 60.0
210 1537.2443238523417 354.3054802209135 35843.53684865174 462.3412050797222 60.0
211 281.4431057538058 356.77643621409817 4892.489343879268 426.0985215750825 60.0
212 417.50729343286196 359.3166033756889 45213.55200684031 1016.2501098161981 60.0
213 890.4488722012019 359.53880641441947 10033.546016237535 377.5737729397779 60.0
214 1313.0650970197019 359.81833930737065 8590.845069380626 384.40551588078574 60.0
215 1339.9949511588989 359.71369947018235 15294.084804737297 406.14691102953566 60.0
216 597.0779109362205 363.69716994663105 4200.565205265415 378.7211166077065 60.0
217 318.0114478776377 364.99648363178187 10977.506308138294 481.7437152526908 60.0
218 1231.8726914220756 365.9845830644823 24870.917899281067 433.08643515564216 60.0
219 1522.9594540365777 368.2100513176415 1143905.560478593 14518.868831238175 60.0
220 247.0699654448165 372.45229781250714 187118.90543605207 4208.3140772054685 60.0
221 773.574353994505 373.0142776149795 12283.808289402674 425.7909731602981 60.0
222 1363.3427251642279 377.66210284039715 22409.10047252947 410.5987623088641 60.0
223 885.8893785856601 378.47030335222945 21205.500619512066 455.61526632822824 60.0
224 684.7754013256754 379.62335163492315 21192.686576242297 442.82637089930876 60.0
225 57.45080504043191 382.52713547173187 19958.216220147922 948.8740465664032 60.0
226 979.2186790906578 384.12659656291635 16509.61154956321 431.15110717860745 60.0
227 1354.7808999331812 384.69869801632063 23692.73162451606 419.0349602102257 60.0
228 1561.3138730752944 386.73136879033103 44180.65091512918 522.3722963031837 60.0
229 1190.9421463634972 387.10446875950413 21581.234258140004 423.18375900688267 60.0
230 451.1818564094129 389.9449318763774 2894.4959118919314 381.5998558277183 60.0
231 677.2222646528888 392.2593173876378 37581.42054700454 1306.0498060766845 60.0
232 421.0264529728294 392.8332139609398 253315.60793482442 5095.809724110492 60.0
233 874.0016745695145 393.74211513168433 12667.340964178973 366.7040786482573 60.0
234 20.659871104760352 395.18107413957347 5057.6524132532095 768.4371919257487 60.0
235 526.0817801363875 395.6485218646141 21493.557877477357 593.5136222080978 60.0
236 500.4539195531732 399.72530892595154 133843.27111593122 2576.549875372256 60.0
237 1541.76543432612 399.8300849920916 440239.49394690956 2764.3608279636137 5.0
238 607.3345452189169 401.414588275286 25850.981588340743 514.5092219565823 60.0
239 897.3044629422193 403.5679133093696 14997.708874045667 410.6684515079532 60.0
240 259.10079385280005 403.9042581004868 1343.3615293860908 401.4012590657336 60.0
241 677.3965482267587 407.25291613759805 920763.1034798836 13867.193713021188 60.0
242 1170.3082438834067 408.1691270053857 153179.02484196628 1793.8412716358057 60.0
243 1459.0770221169369 407.8387091566884 9847.139897022074 407.4447699208785 60.0
244 522.3062498835565 408.5828928758905 7754.865324733057 425.9238908952825 60.0
245 1567.9985148828885 409.13564368960056 52766.65828123892 577.8816796529189 60.0
246 574.5172405869913 409.6180840579462 6805.757011906921 420.1707771331052 60.0
247 608.3461241900435 407.79042328372265 26385.18161566754 511.7235236166963 60.0
248 816.8996367447586 409.75779012465824 31309.20954919091 550.6166262624772 60.0
249 1030.0678392016684 411.95308947642974 95227.87265486829 903.2352457738574 60.0
250 461.82838032744365 414.0396279209958 18468.74756279651 489.193828068977 60.0
251 451.4748639495685 414.8957637791097 14448.391779594036 466.44649190179473 60.0
252 849.9933543369747 414.86490343266973 9296.320921918003 374.8317386936393 60.0
253 1105.6530248240838 418.3348427478547 34002.78694685083 496.96583679322254 60.0
254 273.4017887518509 419.3006523505699 19932.513962866054 580.396190735777 60.0
255 1471.5181746397893 420.46748384385234 7664.433512024032 380.9790839115377 60.0
256 622.2670236941103 420.9782513461169 48219.93673636869 864.727148062231 60.0
257 801.8125376597606 421.28099866746317 17349.270589824515 446.88667805170263 60.0
258 1591.8933995992988 420.6298018533385 135427.6543686666 1611.452827658044 60.0
259 456.59820135259366 423.29753693030074 20202.567805453065 504.98248491108234 60.0
260 311.057817619142 425.88210001884613 36523.852415989735 792.5231790523127 60.0
261 1245.0291440439569 426.47292522044177 27810.407277243612 474.36717037332835 60.0
262 1342.7846429841732 427.64581534414657 17578.170219429157 398.5917370145608 60.0
263 356.5487190521074 429.94663019436433 881.6285318669234 394.73591847994794 60.0
264 753.9339489670184 429.5309639910084 31224.17052774004 550.485760569351 60.0
265 1260.281250857924 431.3011085806664 38803.88248457281 566.246752017619 60.0
266 270.05269380660764 433.21312094048056 16133.080290873615 544.7367120234256 60.0
267 159.6363632917205 434.24791119595136 999.5269109674113 399.89328515620934 60.0
268 763.5898707455802 434.1841016651983 24584.998911259216 453.92252609386776 60.0
269 873.5076018177214 433.66847405358544 42167.59361103052 603.4076862372951 60.0
270 1580.4378331617008 435.0686648569574 16446.752130048233 422.00966721743896 60.0
271 979.5044336599206 436.59211243962613 22196.584423149197 439.4856306875898 60.0
272 1098.8170136870187 436.5670253918238 42447.645249444075 638.6362956745479 60.0
273 1498.1417588539725 437.20464863821456 22573.900225895937 410.770369251891 60.0
274 600.8429286795592 441.1616447519323 8945.04760378432 400.63439384453335 60.0
275 712.7401483542259 443.2427513460456 6138.604658047647 382.4403734121026 60.0
276 1134.8399056485553 444.2174813738572 34380.68125808596 536.8625514654939 60.0
277 1244.3051520674953 444.1088100635699 13788.675674490478 372.61670388418287 60.0
278 226.964722382276 445.44771826931526 9357.711323058167 457.9931635632603 60.0
279 211.13264966064472 447.63800802686666 15025.757173716873 552.7415874811936 60.0
280 578.0342361466013 447.5758518704609 144396.7129493361 2239.0337824504477 60.0
281 940.5737497182183 448.8637458924492 42030.714394220166 584.0341199898965 60.0
282 780.0579343156415 450.27061486257236 43298.257001572725 664.3866433014028 60.0
283 858.9946110502968 452.2003057089047 160070.52640848118 1769.0619162776547 60.0
284 1269.8204160159817 452.02207718858904 6928.849260323552 358.7728295940018 60.0
285 222.55335695790617 456.39048517829065 6402.2909917535435 406.24592467737995 60.0
286 632.6345633794931 455.898887114192 21096.494441071496 455.94967613643604 60.0
287 723.9939730462091 456.128130235465 15719.61414182452 422.6302381363146 60.0
288 765.1131537377391 457.3607873980856 68922.60029750268 884.8292651239011 60.0
289 1507.9438354485499 458.0370554556833 953888.0893674585 11878.428090764686 60.0
290 683.051527509363 459.5020812362091 50646.05518891891 599.9555836209173 60.0
291 155.0744713101633 461.7707338656542 7022.122897897736 455.9643937528233 60.0
292 541.4038962704869 464.0091354057754 351327.25596839585 6058.1002745865635 60.0
293 1224.209139091994 463.8545111478273 16163.913843760361 417.6940858535735 60.0
294 498.1610949738695 468.7690224915144 61827.56324505093 904.6832654782148 60.0
295 864.667368870401 473.41072861603146 39227.62673927433 576.907705728712 60.0
296 1312.2780801379033 472.6564432484407 355128.22259728087 4016.5750304500957 60.0
297 1344.4837109745722 475.6058743576501 8519.13368964977 369.16396512449893 60.0
298 444.7256716858843 477.27059624970616 217221.95538045483 3756.4964606209205 60.0
299 697.6883170754917 477.5292681728969 64910.660360272275 955.8967932217207 60.0
300 963.6364404555811 478.0348997834371 28221.351802225625 419.2280300965487 60.0
301 1084.8498861545606 482.3009856018032 19963.74702788151 437.20734988699746 60.0
302 1526.5553662690184 481.8414088776426 9316.977644073384 371.72909984920204 60.0
303 644.2124531537257 483.39483203731544 14877.785854289801 419.21826692609335 60.0
304 1162.107316058273 483.5911505709046 25647.18954384959 441.1784590508203 60.0
305 759.9970182431643 484.3921336349385 799921.2261378438 9275.371704631229 60.0
306 35.740464566160774 488.9412850677552 60007.2862317566 2037.1199970350876 60.0
307 512.5744479783319 491.01085394985506 17455.873335108514 409.8832291610021 60.0
308 570.1092132541537 491.63729182913414 41285.4132001924 673.8631218843784 60.0
309 523.9169491142266 494.2993376164034 11285.49388403396 397.3986288719637 60.0
310 1380.3173324214201 494.7558206579167 15557.045728003068 412.6912062727096 60.0
311 651.9280066361235 494.8301894475786 39818.80612506415 610.608305328848 60.0
312 126.68428543590993 495.8499953760694 37689.79727168741 1024.1731176888272 60.0
313 790.8585045070886 498.6278540140083 9614.985046370322 378.77019590288467 60.0
314 342.7810787861095 498.42611310175545 6908.259937873026 433.4394462575156 60.0
315 1301.3408563145833 502.90831814861525 16567.023740728437 412.9758847370844 60.0
316 1501.4346681117133 503.2642244685092 34545.54099614389 539.1142207105934 60.0
317 597.1869893558852 503.89270764180304 18382.23690710276 441.3852782590093 60.0
318 85.14168560658581 505.4444561822942 19810.035079118898 1063.5998969593923 60.0
319 821.9754872471946 505.5785207605675 172058.69215741043 1914.1021705679866 60.0
320 583.255245680669 507.5112175600548 14339.709684828937 424.3166615786333 60.0
321 728.6341550495035 509.5909128447894 16275.631179809217 419.57384237707305 60.0
322 646.7771558546592 509.5381195043455 182587.13864018366 2399.469779119536 60.0
323 918.6900955337127 507.8433492630345 1627053.273533972 15451.303337705265 5.0
324 675.5495770454042 511.4120344099671 10563.77519022035 405.27222858532286 60.0
325 1183.756628995729 511.17722704579154 6136.206389836199 383.58330140284636 60.0
326 234.5205130512016 513.1682050120145 441.66039950991217 381.0678827059614 60.0
327 172.7745219349225 513.5013288376298 4944.235017405348 432.7445882561442 60.0
328 1230.9938075016953 515.1333670074024 172764.39725986702 1882.1176106142225 60.0
329 1041.2009754273047 520.0072647617641 9261.404607463044 386.12383664193084 60.0
330 802.0256955418148 521.2164342212762 13082.636758685408 392.90495195632155 60.0
331 870.2534087274195 525.7021165569631 14045.295938766474 380.68713982539487 60.0
332 688.0216139429255 529.9700105638535 13449.722612899208 397.33816241246785 60.0
333 1508.690728690293 529.9264106606867 12473.238296780553 425.14664663943597 60.0
334 970.1229610872234 532.1999112598968 36877.19888583425 496.9521230745997 60.0
335 1033.022834729101 533.2933797944079 11286.617349950968 367.37542531900755 60.0
336 1312.0540523392708 533.3647355997548 11665.240678940267 393.69565773072105 60.0
337 621.3128276912211 534.817205202593 20455.576233860236 483.7479018734639 60.0
338 703.5431794174943 535.2208831078118 41207.635024869196 575.6394221236937 60.0
339 915.1972527894053 538.3505856584856 212909.72562256857 1710.5762111963613 60.0
340 1421.5641604710845 538.3583971101459 2255084.4571980117 23091.68726944533 60.0
341 374.2994668140502 539.1185199315975 7111.883194516053 435.5365578711937 60.0
342 679.6466525709496 538.1261921801658 11320.091564567716 395.1672236364871 60.0
343 1395.2061545581414 544.1177246501647 126533.92162812297 1264.2354567531324 60.0
344 720.9489074391655 545.9086321235088 48731.46396313387 507.1914701622627 60.0
345 1020.9682167077751 547.226648270485 11324.943909754524 396.15367005250806 60.0
346 961.9978643209905 548.4067250362758 16691.755777326955 381.00644361728945 60.0
347 819.3292253289168 549.2137625771849 89607.40233759009 895.0846302246339 60.0
348 1121.9070784078503 550.1560499393993 30192.604338028028 476.6955570314028 60.0
349 27.92855008150124 551.4279554131867 -1380.2533186930632 685.6509685557702 60.0
350 738.6191573013976 551.0859023631369 155982.67765434133 1915.7316376567526 5.0
351 765.156157388671 552.3580135032387 913228.9990844572 9736.66512800715 60.0
352 791.446643025294 551.5280335447972 578360.5136900619 6114.1122339794765 60.0
353 625.6905842841609 553.9761196371285 88981.74524156032 1059.138453911505 60.0
354 607.4163228144225 555.6881819463006 45961.50532200077 707.1414304756928 60.0
355 1258.9450107386251 556.9611083526469 10626.413418188204 393.66782651081536 60.0
356 812.2705621781614 558.9370591312688 99282.05074114987 968.7731052894468 60.0
357 463.24252928179146 561.4420365613532 17766.360600696196 473.63873392769494 60.0
358 1595.217974353146 562.5051915093749 26305.759503993744 460.9961130500751 60.0
359 246.7902757250926 564.8196642793461 31980.473876315868 865.6635040306904 60.0
360 727.9072280135432 565.1933727593761 203215.7923728173 2562.539824914979 5.0
361 958.7162388448916 565.032184856517 190028.3838053624 1756.8523702386601 60.0
362 589.552481784781 566.2201888305087 6189.487108484516 384.89234011267115 60.0
363 546.5075408319526 566.9232737959817 6206.649875797279 398.71116252213847 60.0
364 409.21614677775904 569.178487297199 1763.712974149204 378.8545843446766 60.0
365 506.71646779170663 568.5272757272915 44438.94427811643 849.2955870265702 60.0
366 1042.1903818025125 569.648175253914 1479354.5143067301 13233.535421020555 60.0
367 1141.0684440923806 571.2633417126984 144304.56591384983 1330.946337307362 60.0
368 875.4115052507635 571.8010305520007 949020.5939444862 7101.349645563431 60.0
369 1631.350373990445 573.55893547795 100925.75127430979 945.2738939845843 60.0
370 306.0299994066228 574.8513755263178 3414.9499122108346 390.05471252026655 60.0
371 952.3433557711596 576.0873882012706 103381.1780501249 897.4654833183419 60.0
372 1525.0725550108673 575.8148952068392 46763.14986246365 557.2952765668513 60.0
373 769.6013968736895 577.0100380511437 159078.62018991756 1492.2985701093635 60.0
374 162.0182159515126 579.4320074519954 1293.9432482801035 389.5469306268806 60.0
375 185.06562113087676 578.4507127223885 6829.465894893514 495.89193338452225 60.0
376 631.8127116048739 579.4355977540087 23832.930484833654 406.08422277716545 60.0
377 748.3799279364581 579.6137699491142 740367.5867704158 7338.639402617158 60.0
378 840.8113890281467 580.0507662407629 1771885.8425867474 17306.96591157381 60.0
379 796.1436430948504 582.8130653802697 79704.36034317123 819.7630378133788 60.0
380 380.6325223241856 583.5995853255679 2564.7756988999627 387.09730092558317 60.0
381 996.9698499205078 586.0868888791599 17362.613183120193 406.43581864177577 60.0
382 1355.5690196507817 585.7520867825962 79221.82081203259 888.698395325532 60.0
383 445.3170245408215 587.4474534350077 2112.722780386928 363.1658175382028 60.0
384 775.8256589905583 586.3255984125256 89259.54545182904 915.743997869277 60.0
385 286.8466249593415 589.6296146916393 2830.269175120391 397.3867220044515 60.0
386 644.7756467036758 590.0121698726962 28903.030107543484 511.0007757927788 60.0
387 972.8238060822819 591.420304224855 11447.94724486557 373.2055535251301 60.0
388 1375.195208129554 592.0973266893005 62120.72401148897 646.942741453619 60.0
389 661.6795712064785 592.8064001419976 13446.602747334884 397.0960896827716 60.0
