src/R_band_aperture_sum.escv
# %ECSV 1.0
# ---
# datatype:
# - {name: id, datatype: int64}
# - {name: xcenter, unit: pix, datatype: float64}
# - {name: ycenter, unit: pix, datatype: float64}
# - {name: aperture_sum, unit: adu, datatype: float64}
# - {name: aperture_sum_err, unit: adu, datatype: float64}
# - {name: exptime, datatype: float64}
# meta:
#   __serialized_columns__:
#     aperture_sum:
#       __class__: astropy.units.quantity.Quantity
#       unit: &id001 !astropy.units.Unit {unit: adu}
#       value: !astropy.table.SerializedColumn {name: aperture_sum}
#     aperture_sum_err:
#       __class__: astropy.units.quantity.Quantity
#       unit: *id001
#       value: !astropy.table.SerializedColumn {name: aperture_sum_err}
#     xcenter:
#       __class__: astropy.units.quantity.Quantity
#       unit: &id002 !astropy.units.Unit {unit: pix}
#       value: !astropy.table.SerializedColumn {name: xcenter}
#     ycenter:
#       __class__: astropy.units.quantity.Quantity
#       unit: *id002
#       value: !astropy.table.SerializedColumn {name: ycenter}
#   aperture_photometry_args: method='exact', subpixels=5
#   name: Aperture photometry results
#   version: {Python: 3.8.10, astropy: 4.3.1, bottleneck: null, gwcs: null, matplotlib: 3.1.2, numpy: 1.22.2, photutils: 1.3.0, scipy: 1.7.1,
#     skimage: 0.19.2, sklearn: null}
# schema: astropy-2.0
id xcenter ycenter aperture_sum aperture_sum_err exptime
[from data line 586]
587 739.9801198650445 786.2130574458295 96668.64350655572 811.5146233276355 60.0
588 542.9538630286598 786.772801429449 3212.6885500467224 370.4828931702628 60.0
589 485.707257784168 787.6775072939106 9517.845402981962 434.6249731187499 60.0
590 838.2956035998609 789.5856359641958 34501.863319020085 429.4075593037255 60.0
591 900.046356565019 789.368408611064 25566.498896196837 422.4795858390046 60.0
592 868.1509669481976 791.4331681339992 48352.63982064081 410.9189611838612 60.0
593 1078.9594322053317 792.509504927133 4347.577009817212 372.5422379798048 60.0
594 1279.7288243458934 796.033014005666 18433.050565539328 411.81956478812066 60.0
595 1309.6381375594276 796.0966248564106 81260.11061428417 774.8312827487073 60.0
596 799.8560884906698 798.0167117300481 18569.706025089043 414.6032803991146 60.0
597 716.2890540242397 800.2917029670047 157112.05485202587 1540.1514327750501 60.0
598 1047.3331825159958 801.2496765494988 8916.193277350107 366.69973068332945 60.0
599 545.8309112485397 803.1967814466359 41059.35879465676 683.3892322743311 60.0
600 1506.2584894323898 803.2545529205076 164012.21948875318 1618.0029800650548 60.0
601 826.6357096165758 804.4669202192036 59133.10658174669 585.2741923351055 60.0
602 885.8934812011412 805.1061579843387 40982.96171471142 478.93183532390964 60.0
603 1331.7775432745555 805.8670106859661 5476.292315920408 379.46778727317434 60.0
604 362.61423374194464 809.3043589240867 -982.0948644164282 380.6348130891283 60.0
605 834.5062757644807 809.5896925367097 75161.35176452601 653.8043632260486 60.0
606 289.3692286774029 810.8927736158631 10905.106761145913 511.87534267455806 60.0
607 747.0632001965363 811.128731877516 304702.696867404 3340.6308877894944 5.0
608 243.25375726945651 812.4800824548398 -1042.957635494255 400.1366367982434 60.0
609 866.8372396576175 814.7796252157046 297528.67711642943 2227.058331728657 60.0
610 905.8924590477396 815.4122113342221 19468.512091276978 411.4259160486771 60.0
611 431.8915912381902 818.1507076710069 11375.57810116907 430.95105843065414 60.0
612 602.9518289186416 818.3960673860606 62450.42684269214 849.2914760142669 60.0
613 563.018417891286 819.8925807091729 65226.942839901225 980.4458401960065 60.0
614 1020.2085424988159 820.9431655567693 5949.705103697451 398.0918420641482 60.0
615 1063.7631350566858 821.7624274050886 7799.596759293052 373.88205979265405 60.0
616 1081.6319625997082 822.899755320384 103195.89014649465 913.2487874079966 60.0
617 732.3105256317554 823.7651419320855 75746.77858637116 786.8207492482181 60.0
618 843.4794806959395 824.5629498871765 195124.89454643225 1617.0248446143376 60.0
619 954.2012624119442 824.393920009821 9464.557818283878 381.95424782455126 60.0
620 907.7726748533821 825.685051417389 31158.837064575644 441.34658495215535 60.0
621 647.6481320579829 826.5458366624922 42050.799122488424 652.9795458572333 60.0
622 1588.9842964637185 828.2849926389079 11516.83788082804 401.71285709466935 60.0
623 985.5916364256169 833.3610192435096 974990.9480156411 7701.654175584401 60.0
624 584.1515311310242 834.1551471792608 87662.59585623934 1239.3857480182273 60.0
625 795.4269677789486 834.8917298722466 243589.60755116327 2244.018112741096 60.0
626 936.8438887048321 836.1399333916197 51876.23673463834 570.03474636304 60.0
627 624.3320675586668 838.1545853315264 3447.1213848899897 356.6783848979089 60.0
628 391.89976698043625 842.0503146033669 19880.297465804484 574.1960637119087 60.0
629 735.7769454550198 846.191946940678 55478.253458682964 618.4742642734697 60.0
630 32.11246157450696 846.9967492542456 44856.91035850648 1549.0894523342993 60.0
631 500.4140091264164 847.6016835677981 5831.5487554504925 381.5120784317624 60.0
632 858.7035365882062 848.5582346194699 86313.46886704784 841.9255462807058 60.0
633 744.0013129764272 852.0836305547177 54811.41853098475 630.6090556087022 60.0
634 886.3804065704825 853.048151903322 170618.4032354535 1179.0219387660738 60.0
635 821.1512396485979 854.2864931355751 7294.2104550987915 359.03494456900233 60.0
636 144.81755046056125 857.3532500035212 -97.70994991183045 408.77694407952066 60.0
637 576.9853174801317 856.8389419829849 191916.2219961885 2629.210919303374 60.0
638 796.6155858070662 857.5259787366169 45211.269950286725 522.4439289782212 60.0
639 1070.1420029853405 857.5408621395047 5240.208921663297 380.4295245728616 60.0
640 1622.2188054788758 857.714205116134 39358.22182281301 547.7932944985511 60.0
641 1233.090455879292 859.7256972203685 17218.698681853493 408.2740933751711 60.0
642 623.4157681280777 860.6307909931237 40991.78126025186 699.4186452143755 60.0
643 235.771583440419 865.978937671182 5627.070740749739 467.5652874542582 60.0
644 832.7082295486913 867.7601393748228 87579.49393644693 922.9844453214911 60.0
645 889.848316464547 868.8019466737318 98387.48891109126 901.1815903114814 60.0
646 1564.7373725493333 870.9496729011942 9501.314193014538 394.5760013537642 60.0
647 712.352395352541 877.1610303037467 17042.974500263204 426.8875345114361 60.0
648 1328.6898103753429 879.6541622333959 9212.852699340217 365.15290807688604 60.0
649 498.1502866468657 880.6168371067896 431776.5620388888 5484.765895680928 5.0
650 545.5992878844842 880.9186514747709 13720.849998676462 415.61963018674567 60.0
651 770.0962449613452 885.0224674083851 75406.63729514256 767.3050839692015 60.0
652 884.0785913614559 884.4815633290871 15589.964614791881 420.39229916486465 60.0
653 931.3536365409391 884.9448816313823 304734.56213711423 2004.5497430897235 60.0
654 468.1702009154799 886.3239626218738 14786.186131078706 434.79054826792736 60.0
655 1385.2379840589415 890.2924340220545 22849.097660204017 418.7433665845351 60.0
656 811.46311092304 890.96899117491 4410.941148247677 385.23123846476597 60.0
657 1473.8395409445013 894.2323054445434 11918.610824768548 407.40367078640844 60.0
658 476.99567542344 895.9997213421324 19128.163561419708 465.17288466747385 60.0
659 574.3477086910785 896.0444509702264 34060.480748456386 632.2605012987565 60.0
660 685.546167948838 897.1461874103168 5980.391412349749 405.82375446539544 60.0
661 786.1624623288726 899.3265318352485 35255.12447345163 549.528177226871 60.0
662 632.6356536234086 899.8618882765242 12922.293886986343 400.7802323312168 60.0
663 1027.466436402221 899.7174034410565 9957.52734957524 375.2373253228747 60.0
664 486.89634178836474 900.9798949285944 25288.622599825707 458.25523321689286 60.0
665 524.97425183055 902.3630637603314 25888.729930802652 565.864280502411 60.0
666 1110.075141980886 903.9689370870984 63585.18384540693 648.4031117832654 60.0
667 614.2962684532142 904.999742807899 149407.61005239922 1932.586900631757 60.0
668 514.1418086892818 907.1035157106118 11700.490034583752 430.8021703035584 60.0
669 959.8358821342716 911.8770572748097 21048.821497257846 444.7872452550278 60.0
670 105.76761119591436 914.9030697297309 19003.567302155294 715.9083812864919 60.0
671 835.7678273992528 917.0412385686583 232078.26378618582 2149.4449570614847 60.0
672 1330.360183169172 917.3411739120522 12508.340769235863 395.96556615543676 60.0
673 1035.7248557713797 918.474473399116 653186.333064045 4853.963221128008 60.0
674 654.0303488497816 919.2816457183883 19222.504629161027 475.49630549874036 60.0
675 678.0203564143583 918.4607924844969 7413.976455035263 386.21524432327874 60.0
676 1225.1069181882285 924.5502982221399 5775.972148112961 382.41989263277054 60.0
677 1203.2756572885403 925.8981383436541 8909.299540181917 372.2054730974574 60.0
678 960.860261175167 928.3799618480922 7817.078110829152 376.87830856672673 60.0
679 1526.646790892168 927.6810403370832 149017.58484404426 1509.5135615983559 60.0
680 268.3163130423929 933.7756613495455 -1850.8351827936945 388.32753126603393 60.0
681 420.8994590698568 935.1050062520917 8091.554030827665 441.7677558240526 60.0
682 1394.116019516589 934.930268485903 14681.873154267596 420.4256773431445 60.0
683 991.721251744868 936.3463000548339 192594.58076421698 1719.2207665193878 60.0
684 1128.6704369724139 942.3441551937364 5389.367750924586 392.444004239272 60.0
685 1595.0276190188376 941.6631638803983 76259.89336091312 850.7239226147142 60.0
686 151.68752181105836 944.3430687536443 324787.12037790805 3226.854630841769 5.0
687 1047.5669536067173 944.1192106028863 44462.17032144398 562.8647639722672 60.0
688 1567.139829814592 945.0512962204979 9842.019659724574 413.5386127012223 60.0
689 786.3090957355871 946.7172765042678 2202.102530281869 369.181122271968 60.0
690 1163.5613705570952 947.7357663341974 9740.774970243907 390.7081444123725 60.0
691 1356.5707538870251 948.3005366287426 4693.833223389917 396.1147756463566 60.0
692 934.2290863596163 949.8043793697973 214861.45523630618 2073.776882405784 5.0
693 1399.0028177763918 950.6010384780623 109119.90463622974 947.8534945747836 60.0
694 997.3271470492891 955.8463832606135 24687.52116160436 425.73546431606354 60.0
695 171.71061721251758 956.762381697291 35144.05433284088 762.2319950226499 60.0
696 514.8839249247379 958.9255680236992 304495.323077812 4493.153654643538 60.0
697 448.50173284349216 960.8989913174247 778.9139701074308 407.96507209246005 60.0
698 51.417258500488295 964.8112582054541 12720.796391351725 769.0893040443866 60.0
699 1043.1251229018487 964.853117449316 75782.92136641982 703.244022526396 60.0
700 965.2474513871267 968.6398101066235 4671.941225463226 365.3248885100049 60.0
701 1600.9520363038657 969.118242582188 63089.15428056652 807.6177480080661 60.0
702 1152.5089411166448 971.5206338505334 5647.073087095794 363.1028169122812 60.0
703 551.6617179792312 971.6688501612942 18004.256945169807 475.35843100470186 60.0
704 62.03509804122538 973.5017355360039 14167.580240288129 754.0136666381696 60.0
705 1087.2244513448584 975.8472042221148 13868.92996549887 398.0914828423873 60.0
706 219.83116910650392 977.1338060823772 12678.508559745747 558.4752359905542 60.0
707 826.568053257808 981.2816182152128 9728.653080829645 382.87795879097075 60.0
708 1015.240667614006 988.5951702205665 11441.277806261456 363.424581309907 60.0
709 240.8206304310111 989.5986466003541 8259.607549611379 487.67818598973275 60.0
710 918.4302645284887 989.7622602487089 9114.528297387958 392.506000822656 60.0
711 1071.660967243625 991.7526881068036 115728.96543262202 1050.0216268692977 60.0
712 939.2079521980905 993.4142803926125 13007.798153695365 411.3879173503288 60.0
713 290.536843273049 993.9828109668915 14200.589098375465 556.672335335831 60.0
714 588.7372427646814 997.0595073898247 161643.31391737476 2371.0930714998894 60.0
715 693.9976869826733 997.1200888192166 18378.770646076428 417.2643593934125 60.0
716 1039.635074232371 997.3502975894512 76980.8104912639 714.3144542115796 60.0
717 752.2955076817301 1000.2842172475126 38166.89821858298 542.3018002659737 60.0
718 1353.721261203241 1001.8384592464715 389948.7995244451 3543.698733387504 60.0
719 503.0474021974909 1005.3345772258942 10682.73483066895 448.2622788682504 60.0
720 984.2016097273078 1005.107792197127 12725.153571015488 378.04918251799955 60.0
721 686.4719103922549 1007.0885922404906 22405.241657144616 463.4151490294639 60.0
722 1252.2742595562815 1008.3246515507665 13204.424434451706 389.63808671042216 60.0
723 204.60334694553106 1008.6993829444513 1858.5746274422843 384.28510699390915 60.0
724 1145.136471794591 1009.7669975069903 14562.200102207742 422.14940821714515 60.0
725 168.52506751585943 1012.6104690269572 2204.9653977400776 428.0218996055582 60.0
726 605.0946356641185 1014.0983568054505 66385.33225997507 982.5742992594594 60.0
727 1372.473954954218 1014.6132751109911 8316.915503302649 382.4604900979637 60.0
728 779.4219356198179 1018.7851911764797 65967.9753363824 850.7689660821682 60.0
729 1132.5628584802719 1025.3166363122978 45771.39594447192 565.8594766375854 60.0
730 980.4413729699963 1025.693610310982 45741.32654204927 609.6731758179704 60.0
731 1098.187571984217 1026.5202166101235 11727.319408385078 389.2838080952215 60.0
732 499.7552314314975 1028.1192049692568 4199.464910082339 400.30338910010033 60.0
733 1502.7548290527347 1028.967123704119 18078.689396972528 453.534429972875 60.0
734 571.9606808962282 1030.1463941046516 12639.844039478627 446.3456785996718 60.0
735 866.683817257396 1031.6145737345735 84402.33968446511 1002.8743697135994 60.0
736 115.61989290612009 1033.2350614096656 52679.08508068374 1295.8880536455724 60.0
737 1627.9802232478557 1033.2506715848876 43814.62658527825 622.5383873884316 60.0
738 544.6499187358437 1034.5820858937568 21387.2368975336 494.1682070441587 60.0
739 713.5152940009228 1037.6682545837841 3496.3971608774345 382.8015636812843 60.0
740 144.38147372479904 1041.0613178721105 147425.62073254102 3211.4898800445326 60.0
741 1530.3565057204155 1041.8374428425548 10487.857070517479 403.7715719613229 60.0
742 349.25531778288547 1044.5835230778512 6573.64738524365 450.73398915934285 60.0
743 192.84953052237617 1046.3190601745728 42719.919724931955 1045.6323570017228 60.0
744 1123.958410074987 1046.5469807885052 15068.823631899022 403.36890155378325 60.0
745 1420.7456080838404 1046.1559698993988 35235.531164683736 519.2989786361093 60.0
746 89.32393527993419 1047.7601366986144 3938.7508280755337 560.580384643158 60.0
747 1101.1877866713999 1047.3977871128793 13137.320335628316 381.497489225932 60.0
748 543.0045145684788 1049.693201537183 25737.203149478606 577.7666657267808 60.0
749 1010.4690138288037 1051.8321687287346 8684.348781153549 361.8960605456513 60.0
750 578.2821874072941 1055.8140553107514 33644.14630243142 634.5812054267786 60.0
751 289.87784943796197 1062.3140387415735 27069.38891725261 783.1738558534872 60.0
752 1148.4420988527277 1064.0207451522995 20468.51969854049 446.3277012309838 60.0
753 480.94327507200967 1065.1750637612402 30655.22557008292 746.0513836585985 60.0
754 922.425764352494 1068.7929365166938 46083.72076441976 612.2829424826019 60.0
755 541.1701692361167 1071.1402343789887 31698.891135763562 613.6815251985867 60.0
756 1011.2323903482704 1082.0058618728026 11138.011603636322 403.0760314984589 60.0
757 83.61972727171549 1085.8256422794873 34531.81780468393 1173.765912768874 60.0
758 498.007110963507 1085.75825190933 51828.239941038206 1040.444540686726 60.0
759 1258.3673842416674 1086.6409127613338 5152.254694260137 356.88691746321484 60.0
760 598.0548703748979 1087.6091071333499 1979.5921831301803 377.30772038271976 60.0
761 1071.3302517469967 1097.8714671773016 18645.081534945308 433.43742456254347 60.0
762 1129.322825557253 1101.1377860508062 9507.94640079761 384.8433416017755 60.0
763 751.8712160310315 1103.137886211464 59151.24822309341 795.2729224777067 60.0
764 465.61874263710297 1104.9771319075755 -1677.5752985219567 362.6314717400848 60.0
765 1192.3987731072818 1106.3234072057273 53510.97343681191 636.7849118615062 60.0
766 394.13175282045955 1108.3344140457912 27832.6869342474 738.4947470832063 60.0
767 246.50495350962643 1109.7048730982008 3391.1696779220565 437.85583793077996 60.0
768 313.70919353365963 1115.2306916572757 4125.464664702686 442.28320175889235 60.0
769 554.0572710919754 1116.2336310367111 2429.8726867910805 410.86949383298366 60.0
770 1229.3393732747923 1115.5591145745816 8480.654342885713 380.98598470912043 60.0
771 1422.7758311986531 1116.949103746085 11458.492759000674 403.147757682679 60.0
772 624.546621990196 1121.2390024033516 11100.094509051629 445.7297563052495 60.0
773 1451.7628795182413 1120.656851496707 8165.817542023802 419.86631269285334 60.0
774 399.70575646881093 1123.7122033242392 -1027.2890517537162 393.579685047106 60.0
775 210.80301356112759 1128.363745554193 12105.409797101467 507.22238049220914 60.0
776 310.71233559443596 1128.1186298598643 21429.98357582421 666.0030995920911 60.0
777 469.7314972675677 1136.2537409416739 57107.96781126708 1108.8047448539219 60.0
778 1229.5347698267753 1136.1449583237265 13659.857566430892 412.3460578243673 60.0
779 1279.1270509363676 1136.497444486334 45240.59366698398 611.4357181880213 60.0
780 155.34817619948006 1139.9435985369628 3757.1341134085974 458.36786701051017 60.0
