src/R_band_aperture_sum.escv
# %ECSV 1.0
# ---
# datatype:
# - {name: id, datatype: int64}
# - {name: xcenter, unit: pix, datatype: float64}
# - {name: ycenter, unit: pix, datatype: float64}
# - {name: aperture_sum, unit: adu, datatype: float64}
# - {name: aperture_sum_err, unit: adu, datatype: float64}
# - {name: exptime, datatype: float64}
# meta:
#   __serialized_columns__:
#     aperture_sum:
#       __class__: astropy.units.quantity.Quantity
#       unit: &id001 !astropy.units.Unit {unit: adu}
#       value: !astropy.table.SerializedColumn {name: aperture_sum}
#     aperture_sum_err:
#       __class__: astropy.units.quantity.Quantity
#       unit: *id001
#       value: !astropy.table.SerializedColumn {name: aperture_sum_err}
#     xcenter:
#       __class__: astropy.units.quantity.Quantity
#       unit: &id002 !astropy.units.Unit {unit: pix}
#       value: !astropy.table.SerializedColumn {name: xcenter}
#     ycenter:
#       __class__: astropy.units.quantity.Quantity
#       unit: *id002
#       value: !astropy.table.SerializedColumn {name: ycenter}
#   aperture_photometry_args: method='exact', subpixels=5
#   name: Aperture photometry results
#   version: {Python: 3.8.10, astropy: 4.3.1, bottleneck: null, gwcs: null, matplotlib: 3.1.2, numpy: 1.22.2, photutils: 1.3.0, scipy: 1.7.1,
#     skimage: 0.19.2, sklearn: null}
# schema: astropy-2.0
id xcenter ycenter aperture_sum aperture_sum_err exptime
[from data line 390]
391 683.7684490678175 596.1869967454875 101449.67219391567 1221.8983295288042 60.0
392 617.0647497929583 596.6235895596852 191591.42953694763 2704.63376775271 5.0
393 1591.3609518123228 598.2985180325591 7976.105679170623 406.9877328857835 60.0
394 846.034417950579 600.0767249874064 62036.36871626103 597.8808089772543 60.0
395 720.4674034549407 600.8404849765578 13967.91221876535 366.5022110944205 60.0
396 1223.4801333587225 600.647527665292 25350.62000516567 453.16711908817126 60.0
397 669.3907734961304 601.2781125093222 16483.328208919866 398.19138293962845 60.0
398 1135.1145311642774 602.8904540283822 104767.97482217097 1074.85450637818 60.0
399 1408.298002045613 603.3647050714 159363.15933715634 1508.8361157905406 60.0
400 472.13715352452977 604.1154077365069 9495.293629768148 417.1990566841055 60.0
401 1236.7743645846303 601.6060520324062 26524.69270249596 449.8409848619243 60.0
402 920.6069503029775 605.174182989684 255782.19635021474 2589.569482384825 5.0
403 1192.462705747229 605.2136789006128 16574.69227805706 402.40085298579856 60.0
404 1266.644259352572 606.3757081370012 14804.975055043287 384.46824516294333 60.0
405 763.791221253114 606.8749970902236 189656.99835388595 2244.2468481423816 5.0
406 52.80959594511165 610.2747757334652 19714.284246989737 1000.1847052061444 60.0
407 680.0830627919784 609.760339397377 66408.6200126635 796.7198547225457 60.0
408 362.9970321368426 612.409280113931 2545.395197658425 377.1308252996793 60.0
409 1388.9999875590768 611.474534057302 12188.107367539858 399.1124304347618 60.0
410 391.119882941334 613.1440077330539 156698.9137532442 2723.956407464634 60.0
411 895.5030478514484 615.0794395136749 57649.477185615295 565.3344780250162 60.0
412 697.796958614604 615.9904500397242 50221.36531544581 630.6353129086694 60.0
413 1421.5100030643732 617.1975194451722 35712.91883685433 502.1036073610095 60.0
414 67.75586395246845 618.152662566409 14415.497478684429 923.7764567977978 60.0
415 858.9730947374998 618.5654735102985 24746.767048236386 387.9845454636131 60.0
416 564.112986367042 619.2283391936289 75242.21433003605 1096.3826384827469 60.0
417 902.3234956660948 618.6879354697221 75762.37809454362 602.062707868875 60.0
418 1035.2010837155972 619.8931905172311 69479.1494643754 659.5519106090552 60.0
419 869.7462629179067 621.4721422142703 19063.868649292817 380.81671414630534 60.0
420 1127.672294554677 621.6749939032744 92159.2191208475 857.1556296763775 60.0
421 1571.2577914628964 624.3085120620246 58686.558327162675 702.1455650240455 60.0
422 623.9431556262359 625.187684513816 8832.843648514297 356.65389063596723 60.0
423 647.8478637713217 625.1190445233862 29973.833241443055 534.1751254368949 60.0
424 676.5081224106603 625.2733730614927 39601.91870372927 515.7824025078911 60.0
425 784.4716412334145 627.2101280936245 92763.45245963686 862.058991464209 60.0
426 922.3681414346959 629.1115519000622 79435.4583161156 700.4235460435503 60.0
427 1052.1709773076814 628.9742573056674 287326.2959968741 2397.837362849248 60.0
428 1336.6662760514014 630.2944321800868 14204.239405588172 412.31071014400356 60.0
429 608.686855887686 631.585325689947 9014.603932510527 417.2736858626303 60.0
430 729.9605448166753 633.1271676312729 500952.12835384865 6499.185739566482 5.0
431 543.1005802154225 634.527260670442 9603.130243087911 389.23634966567414 60.0
432 1143.7975370483157 635.4770605904523 7657.767536232121 384.13671496978884 60.0
433 273.54061408690654 637.1030781010408 226885.0632052626 3442.2633551083245 60.0
434 1632.362137857994 637.3839376385064 147797.23009539954 1680.8164357735538 60.0
435 1437.297911675538 638.1026291105618 40567.36334543745 532.0166806877999 60.0
436 1523.4611570302761 638.636268359723 19915.57630595867 409.35462963639446 60.0
437 940.7276896692584 639.2624635295034 139162.61214667774 1060.6712879105032 60.0
438 774.3719489696493 642.2017686090553 63768.78733267054 586.6484878884728 60.0
439 787.7009336677087 641.8432752268478 38110.184508864906 413.85847643792647 60.0
440 1025.820655220848 641.770823511376 53852.04048535388 607.0837112543165 60.0
441 1.6623159691946934 642.7372884694122 23524.676528029966 684.5476492376932 60.0
442 701.428863506606 642.7456704410946 40520.73807826452 472.0403252512202 60.0
443 1122.6307683912626 643.0999187303826 114918.80121359414 1100.030511907146 60.0
444 969.6931382099597 643.9920564286347 58821.0979395176 604.6107369808993 60.0
445 236.80537249553421 646.7602165757212 -49.80272700028843 396.1693110600161 60.0
446 848.3909314389778 648.2913380327292 117782.16808886341 769.2326609199336 60.0
447 1247.2739969391698 648.0802019268094 28498.94105495482 469.87609603743937 60.0
448 1277.1768154569859 648.500157256345 26281.894054194832 434.5181018389817 60.0
449 1204.4903336186917 648.927090528499 20819.76565030138 416.92882530842047 60.0
450 878.180222338788 650.7761307188437 19474.98139825536 397.19638204963854 60.0
451 1499.3104023219448 652.3473378980356 11630.857490996576 370.953663789386 60.0
452 775.5410558959092 650.542339368448 61472.15543813463 557.9512880489178 60.0
453 820.663091293491 653.7583131565233 1804650.8828994376 17052.915034723246 5.0
454 515.8703839257048 658.8629416065592 3815.2160351790226 369.4302802177316 60.0
455 1185.087959238374 659.1865771479796 128374.30548997529 1132.7326783767355 60.0
456 953.9887072566961 659.8226258429987 18644.09948019023 389.85680839002873 60.0
457 987.8718781385796 660.2526066268633 10017.123582100372 377.5718944026717 60.0
458 1300.3577197606855 660.1029078785102 39392.299179461595 527.4941513359312 60.0
459 656.3631741112295 660.7855731642709 7705.718652849747 381.9896402619176 60.0
460 903.4437414774153 662.6792583466793 19344.14393840506 375.66440346643174 60.0
461 622.5925616716264 662.653897612174 14124.101696779442 441.13803987635197 60.0
462 1581.1782260455227 662.8347760080628 61333.33397092712 714.6200757620713 60.0
463 495.5474431623315 664.9583262351863 29899.263484147345 593.5705886110369 60.0
464 791.6731025956817 666.1129428891456 103348.8796053583 820.6684518845225 60.0
465 430.53432964512285 666.9159497212921 6187.595102445101 406.2337860739212 60.0
466 1122.3985459260364 667.1241094267473 37080.96954063881 490.9721945592905 60.0
467 1154.9720196618596 668.8664832490825 10892.364243896085 380.1825738368337 60.0
468 1523.5841134178927 668.6786699227547 23757.039005807317 446.2492676005565 60.0
469 840.8262098383565 669.7338453373011 252572.40107783733 1893.8688392363365 60.0
470 884.1000270940335 669.6189126497516 1100722.9177793618 8772.111927313836 60.0
471 917.9533136609903 670.98555946117 50587.535564945116 510.73544513028304 60.0
472 1647.992722423156 672.7315505742018 483678.3175936837 5415.172370448579 60.0
473 39.59960091507028 675.2799646253519 -1262.9624927242278 645.5755759934449 60.0
474 942.0389391214871 675.2416492813471 11994.791801529367 363.79990206957433 60.0
475 24.24563061468776 676.6054993260717 -749.6801479234332 653.2066076871187 60.0
476 758.2088392837409 675.5780108731416 543497.1534815318 5042.28187547748 60.0
477 1110.9789052423066 676.340359560468 25378.467040893236 444.2603039711315 60.0
478 121.93541423857725 677.6060561096556 550.1271149955237 411.9020087113187 60.0
479 310.05888383098227 677.6282359271836 33826.678488138234 836.0119361427813 60.0
480 776.9902337705582 678.3130338523199 67401.36590161273 509.4139273578121 60.0
481 564.9375360837577 680.4301491810327 46202.95072004449 741.3004714398209 60.0
482 59.47359484269428 680.5101331273149 -1377.9063936875723 634.7971727934209 60.0
483 401.71217159966267 680.7718005197705 4662.028456985224 386.8716028011091 60.0
484 1632.22711390767 680.9907056938671 27726.700709219636 464.51715642347506 60.0
485 1329.1194954313985 682.1800393464896 129575.38091609515 1144.389073102737 60.0
486 914.4814354304287 685.3093963472895 169403.38586839553 1299.7930915120578 60.0
487 874.0065211804625 685.7510712758295 344281.96989710303 2555.533101720303 60.0
488 1109.2823893941297 686.7891438957118 26858.137681089367 421.55886977544435 60.0
489 1093.5254629055612 688.1581667661088 121463.44075167837 1034.7500036703902 60.0
490 533.4662276586765 688.2821602420292 6522.980484550738 400.83807506615625 60.0
491 701.0732030474193 689.5399084873304 39135.0515529731 481.8670182174237 60.0
492 774.0014141624422 688.5742464920363 77657.37933116531 655.8898703204721 60.0
493 847.0495901961897 688.9796364784697 35922.392315876976 397.1806147697761 60.0
494 884.2371172467438 688.9409748383154 154928.86053328417 1217.3833818694254 60.0
495 919.16826914749 691.3305479289598 223185.34605651262 1483.2193303602064 60.0
496 1452.9373088193602 691.9391120358966 92578.94513727353 991.0397097563629 60.0
497 161.5626323855628 693.0346745318999 -1453.9452916902662 393.47765043683347 60.0
498 623.8057906924302 692.9536963603903 55737.94927056277 694.4145016028864 60.0
499 1030.1643365540885 693.9359708737542 10443.69666160583 395.12817164752045 60.0
500 823.9608238526447 695.254646014361 34497.17407132728 414.8966269531219 60.0
501 795.1324267723944 698.1745096886891 26092.31474446746 405.02104055139046 60.0
502 676.7624300966196 698.8183243375322 21095.64636136114 413.02280592514717 60.0
503 746.8662352798178 698.622069908237 88998.9932081312 859.2293534216375 60.0
504 977.3966751253214 698.5154106732784 50470.64032036799 587.9852472460509 60.0
505 411.83890685590467 700.3769115545431 160709.85692344984 2620.485540398962 60.0
506 729.9172852919966 701.0604980457072 120264.92270461642 1056.953268233111 60.0
507 858.4736106793954 701.2491085141368 52046.98004061357 433.55705523452053 60.0
508 498.99003146861395 701.5007196792336 80875.11389349839 1237.0860802709183 60.0
509 890.9853112487311 701.562845475694 22569.877587518677 375.26045241294224 60.0
510 1573.0282952543148 702.0057653846127 24921.013170244656 436.8529328645853 60.0
511 916.497751540926 706.3541896631124 790688.441254022 5896.602702787261 60.0
512 994.390146380362 705.6910120932434 13469.974255419556 404.58721707072476 60.0
513 712.5078773755571 706.6642104951313 331889.56724882795 4725.147089650702 5.0
514 654.4284221754191 708.9836113538478 14583.25233854678 371.8736478842598 60.0
515 798.6942637618532 710.8145017213626 27497.89762730222 421.81785061331516 60.0
516 963.1916627684288 711.3482272743057 84766.03265961379 737.9164203661724 60.0
517 574.0532366424669 712.2843250944936 14397.929550830962 438.7948890645709 60.0
518 1065.6085918557337 712.1374535810337 25901.007939104653 432.1733314669858 60.0
519 1513.7356093225562 712.8966331534505 1145918.2739427797 10659.12446937591 60.0
520 629.4316335429023 713.6267961699357 714047.3442862366 8551.284654834404 60.0
521 1480.6144660133086 714.9442525302038 126619.10403846917 1351.451488116336 60.0
522 358.29782638094497 718.4725167194927 6727.162672475595 448.2121053652329 60.0
523 842.7304785239925 718.131794925869 756820.7168038636 7801.770959581099 5.0
524 999.0814794411582 718.9064490421189 19943.300589677678 428.9368394683425 60.0
525 1642.9220538111515 719.3182537053082 41729.24922710199 568.078646991302 60.0
526 524.2349271873971 719.6864435733482 14335.419843186648 472.59741334174777 60.0
527 706.4565782425384 721.7621110840936 436556.5253462801 6110.427061734591 5.0
528 823.1227560287201 721.814792729557 172913.34026441013 1643.7600425254927 5.0
529 915.169354253087 721.3578851441803 161879.81290023652 1122.8105044246097 60.0
530 1097.3467473906483 723.1592654387939 6992.894272161865 379.66604495473763 60.0
531 1197.0717186257095 724.214995031665 29762.81793297916 473.4772118372074 60.0
532 604.0329395259272 725.9212656676993 58240.85316056058 805.554592925162 60.0
533 1374.8505931064078 726.3644730305899 17694.10171924762 393.5742025852629 60.0
534 769.2698768810064 728.4113833561131 107651.22080968364 766.4244240125664 60.0
535 1599.1583626420988 728.3395167321145 12821.892559765914 420.9368636542024 60.0
536 1208.9861260684127 732.796901545519 42496.32377357621 527.2995959190133 60.0
537 1422.5811310976658 734.5961780921181 12244.892355255295 370.21900494023964 60.0
538 459.03236099390136 734.7286095675926 124728.84238335144 1984.8034500170222 60.0
539 653.8310371132209 734.6962830573387 528315.4596946156 6075.173875198318 60.0
540 1044.1228935051133 735.1641762271186 21723.095352936907 439.66078306838847 60.0
541 730.4799463385247 736.5251808061882 470846.0274379826 6037.212098369592 5.0
542 574.950817689804 738.8792436386836 19155.1114654227 445.6129280850752 60.0
543 1340.168356496546 738.5635289553587 6532.74717940797 378.0726078695732 60.0
544 1226.0270728027283 740.4499055510273 10557.17469393973 396.1796882774446 60.0
545 683.9720964055379 741.0148538716844 46468.31545282743 731.9011605904835 60.0
546 852.9404794655592 744.2377719389591 388299.7112573815 2598.958604346988 60.0
547 133.73516864369364 742.1865228040328 66431.72424548079 1678.2411999355718 60.0
548 1319.2390601729435 741.9967893695856 5758.55600235221 382.40715360381904 60.0
549 709.4981974749537 742.312952004289 135088.68798926118 1023.2652540889844 60.0
550 932.7815683197366 742.840326966569 17042.064140480456 381.97178132312564 60.0
551 1030.1757740351882 743.0712054426997 8947.782044841206 378.014783171509 60.0
552 1152.6095210162712 743.0672173374949 60868.73421128152 539.4804105688447 60.0
553 505.0973472606093 744.350913746769 86870.24941534855 1118.8713153562549 60.0
554 860.0520440207939 745.9038174057014 510198.57201238704 2724.0771677223825 60.0
555 1214.2537216145847 747.397619163488 15320.373301802625 418.5649574055182 60.0
556 849.2315351613541 745.617274452081 216498.17345832617 1583.490840075656 60.0
557 1250.0294145850448 748.4079328991621 47236.26106205047 539.5211326753374 60.0
558 365.72615395176325 751.6842613596449 38899.85445637535 858.0644325443101 60.0
559 608.8070898230147 752.0122992848663 18735.314298199963 430.697986615881 60.0
560 656.9713145269708 752.2368167123617 27986.18124099421 457.4489298336462 60.0
561 1009.6609555655583 752.2900408939939 3451.9364249670484 369.6673681613554 60.0
562 686.4944193611917 753.3329548370508 146505.94986284734 1401.7829296543268 60.0
563 1182.229592582242 752.9124955446619 84815.98115938414 855.217323740012 60.0
564 386.44132268941 753.9113134710145 13331.916956441943 459.301029895542 60.0
565 1091.6370047199455 755.7197962472924 24870.458315938147 421.7086094237912 60.0
566 60.25114414626153 758.5197556636415 13280.051262119454 929.8689782084465 60.0
567 634.1289788032396 758.497419185747 8302.842291905043 397.6467174826275 60.0
568 759.5998761834809 758.0547177649703 169399.02855231726 2174.314568805648 5.0
569 819.5489810692939 764.2661953345704 78619.98549141959 916.5389235260236 60.0
570 1567.3295817511134 766.4997957645455 12565.56530474262 409.07183594899925 60.0
571 833.4971371609039 766.7465202585183 45336.64746307471 453.867082406616 60.0
572 868.7296070599839 764.2414210330822 2265221.938075724 17841.780257723312 5.0
573 1024.1399859840885 767.1813149129392 3807.036481477373 411.059413686423 60.0
574 302.4052305955814 768.3633925419289 2834.052424628505 423.8705055417084 60.0
575 470.21807303805866 769.9506789292942 2980.7069791318054 384.486080597159 60.0
576 266.32085911488 772.4094805571857 10738.255903637375 476.2822596413029 60.0
577 711.7138765043046 773.4490302471612 127531.38309681701 890.9015901827879 60.0
578 808.9082364360057 772.9483897224185 508721.9485687965 4320.593460057868 60.0
579 1150.7919054978784 772.570011046415 15586.366246029966 386.5349405710533 60.0
580 719.279947915827 775.3981976144051 148561.53089089794 893.3111185488502 60.0
581 669.7330786867275 777.5541062331658 217989.9538151041 2654.199692987615 5.0
582 1203.982518942986 779.2120523664069 5504.335141541742 399.1756257524447 60.0
583 1295.5086080998442 778.5074433251723 84391.56809064475 856.1474332290237 60.0
584 752.9128388174494 781.2715763695098 96451.0624737455 736.4122199281945 60.0
585 1621.036758228143 784.1597156145382 67125.44921291378 821.3334434053164 60.0
