src/R_band_aperture_sum.escv
# %ECSV 1.0
# ---
# datatype:
# - {name: id, datatype: int64}
# - {name: xcenter, unit: pix, datatype: float64}
# - {name: ycenter, unit: pix, datatype: float64}
# - {name: aperture_sum, unit: adu, datatype: float64}
# - {name: aperture_sum_err, unit: adu, datatype: float64}
# - {name: exptime, datatype: float64}
# meta:
#   __serialized_columns__:
#     aperture_sum:
#       __class__: astropy.units.quantity.Quantity
#       unit: &id001 !astropy.units.Unit {unit: adu}
#       value: !astropy.table.SerializedColumn {name: aperture_sum}
#     aperture_sum_err:
#       __class__: astropy.units.quantity.Quantity
#       unit: *id001
#       value: !astropy.table.SerializedColumn {name: aperture_sum_err}
#     xcenter:
#       __class__: astropy.units.quantity.Quantity
#       unit: &id002 !astropy.units.Unit {unit: pix}
#       value: !astropy.table.SerializedColumn {name: xcenter}
#     ycenter:
#       __class__: astropy.units.quantity.Quantity
#       unit: *id002
#       value: !astropy.table.SerializedColumn {name: ycenter}
#   aperture_photometry_args: method='exact', subpixels=5
#   name: Aperture photometry results
#   version: {Python: 3.8.10, astropy: 4.3.1, bottleneck: null, gwcs: null, matplotlib: 3.1.2, numpy: 1.22.2, photutils: 1.3.0, scipy: 1.7.1,
#     skimage: 0.19.2, sklearn: null}
# schema: astropy-2.0
id xcenter ycenter aperture_sum aperture_sum_err exptime
1 558.5821422495022 1.553447827399145 7003.800196967581 378.9841978389181 60.0
2 215.4588279399274 3.983022591080132 6402.209759691892 363.85139935467527 60.0
3 981.2018783118364 5.161590232085893 7568.384721206434 364.53706912916317 60.0
4 1373.7256085823674 13.534586033156419 21519.406161600076 501.6622842213821 60.0
5 733.2994363144586 13.335078874553421 13851.386256757556 493.36286923573135 60.0
6 1181.245040725141 13.348170003563451 8719.08642820761 401.7199061622623 60.0
7 336.13127255653905 17.162987601026444 10098.556312846751 478.60671445250546 60.0
8 788.9605066759916 16.500805548609634 85151.05767190846 1761.7002478095224 60.0
9 144.72496142271015 18.682891776588065 8664.186416180593 419.563263578136 60.0
10 1480.3157267921315 18.663356701882314 9354.705707932017 378.43952425447907 60.0
11 1366.7676792434581 22.887029930438892 47428.61851515619 869.0866491378484 60.0
12 1330.303303992684 34.07497432636191 12326.277379063657 471.74510371003214 60.0
13 1566.0664918751183 33.85256003308063 22875.046254135348 492.1171300791896 60.0
14 249.20921089678936 34.678567170889636 8467.292437524067 445.1979283314224 60.0
15 1130.0474708363538 36.953121679251744 9552.1450090681 393.21452550449186 60.0
16 1192.9436043616645 39.431716085267404 9928.35353896844 375.66138763096865 60.0
17 1342.1591085140708 38.86194153407492 13744.167116845168 434.5258084909942 60.0
18 37.64380804439485 40.20389055246637 112972.07553972416 2875.522413851004 60.0
19 3.973214088286568 42.03674082923126 19958.145332703345 568.0974797839523 60.0
20 1247.0484061638126 43.05285995271526 8285.895298665735 409.4416124565912 60.0
21 357.7438939098241 45.14184371059124 25826.23318587031 740.4531892971057 60.0
22 1597.0587089933902 46.637623228454096 32304.778485329134 908.8196203383013 60.0
23 313.9775412423641 46.8114058059995 3554.864216164748 400.2495418528324 60.0
24 770.6620063096956 47.81470604394732 10082.013165624192 422.1807170240152 60.0
25 1513.8431752467714 49.730477579123 15176.72730992803 431.10296388472756 60.0
26 1606.230833809153 50.56478492854912 64032.02021698176 1041.8550184411638 60.0
27 130.46592754220558 53.32804128211492 4933.8552841643705 406.02027056232123 60.0
28 1632.679530012176 53.785856432346385 20331.281466377033 453.4024437558133 60.0
29 1145.6282544137516 53.71995644838461 25371.31643896779 541.8383127727475 60.0
30 811.7209897479356 57.65355077726047 31178.85534697403 597.5196747641381 60.0
31 342.03038063336606 61.84490290527783 5755.461680162443 434.59437769026323 60.0
32 266.62516517312963 64.28625576072037 4562.188147675881 408.0071116904394 60.0
33 1603.4158494801568 74.23118548357064 44152.32700729445 784.5660826141246 60.0
34 885.3500559129981 74.88789080408165 10578.619329106576 378.510255616285 60.0
35 92.93826429172181 76.33264373211028 47577.62996189114 1475.0498165527013 60.0
36 783.8415037984801 85.20546836381467 5486.567358190617 402.21058532065763 60.0
37 1284.1242803796738 85.06483002976363 10072.347681715048 431.2157306182425 60.0
38 289.7577056371319 85.41981306621672 8822.054244976702 470.58799489184213 60.0
39 878.814528676026 87.28100425316288 19177.98099475164 479.70872352804514 60.0
40 696.8247992021144 91.10280339913609 102793.23801455667 2162.9927616197037 60.0
41 980.0800856923009 90.85942388230856 18484.316586006382 454.62432430322906 60.0
42 134.50112603090545 92.51813803194307 10535.1339214232 471.23444350655427 60.0
43 595.1282106549038 91.96309770181269 5472.681822297349 394.0256886235856 60.0
44 1483.6647200286195 94.10690076698104 43358.32433997127 776.7846147220928 60.0
45 824.5554846684126 98.5657341918581 92206.96499581421 1848.2248983236016 60.0
46 1203.9993095219431 101.36085501614383 11002.396242806517 384.70633662778073 60.0
47 1255.3208907349558 102.64678298672054 41480.8486986202 799.8121153562823 60.0
48 60.44415569993334 107.14324531462572 335135.0245754948 8912.53866914625 60.0
49 531.1411234803304 106.78809931097697 50459.138402599725 1224.985163922178 60.0
50 1076.6268311339688 107.5944679927215 9431.752727503856 383.7075824136678 60.0
51 622.4726320944396 110.58009197099207 31779.239772652036 772.3785191910662 60.0
52 562.0808998569316 115.48367441881392 9634.561998023732 417.66275592780926 60.0
53 145.7501433723949 117.45724265244264 5573.832725889199 422.82638908058067 60.0
54 236.2702968507269 118.85661348311828 4687.290351658117 412.81670666933115 60.0
55 1197.1605506585154 119.67472707440245 135819.18611723106 1763.8383485543 60.0
56 645.6229077485061 120.51492665260955 27243.058246643443 639.6147223366819 60.0
57 106.60222455674919 123.83501309776953 179784.2478037477 4191.737684569619 60.0
58 1196.2056247606502 127.12065491326041 136203.01701852743 1654.9337717702142 60.0
59 926.6199691141948 129.92046238043065 12318.896082311137 436.9679400725421 60.0
60 1580.1893064408837 130.271808549265 45988.82327114352 765.9736319972505 60.0
61 733.1438294216265 131.91300994502822 6652.507051070362 368.6727337671048 60.0
62 1281.851227623606 133.5303635621178 16880.89167493367 464.83060714439574 60.0
63 173.13064152736047 135.82552095978068 8208.215145925498 401.88600758772816 60.0
64 1226.2351495802736 137.6970249599058 90117.49327221524 1443.0023657458696 60.0
65 586.063299629983 140.5823266484027 19176.948553142673 593.5941283221556 60.0
66 850.6917668849139 140.32300983509657 10274.932562064903 414.987802112708 60.0
67 1378.9758657252742 142.44017756936282 8987.2098316231 386.7126216596433 60.0
68 722.6374239455471 144.3110371174415 23479.948743123387 589.4742259813389 60.0
69 1478.7906168414945 143.83330541153344 18698.3491526488 424.03874175371436 60.0
70 269.94918597904604 146.09742183305377 9767.124097609536 489.0607046469987 60.0
71 305.5558497924141 147.2342144450547 12111.636403748827 525.4876617147128 60.0
72 399.96982302537333 146.67706764190146 9595.156103868085 451.7309991774389 60.0
73 772.0060933353348 146.78230831843445 4771.327702366716 391.5161820422419 60.0
74 1301.4600321506719 147.57187582268662 10559.906812939547 417.3513124092038 60.0
75 1362.8403321780318 147.31744537367325 8035.755187438095 393.09518615577116 60.0
76 108.2148867430402 149.80177742976383 20778.732186013352 612.9108999104265 60.0
77 490.599485377668 151.98748464300294 6994.286207119814 411.71859206507446 60.0
78 1032.9651072640067 151.42791567800927 34328.89310049782 569.9923914783967 60.0
79 1608.3635362503283 152.3375926949416 134363.685456315 2072.3981910375255 60.0
80 1222.5101882252443 152.81340042125777 13160.770124151397 402.2849382004825 60.0
81 203.64325809475804 155.07856241865082 10390.695492866937 483.1376797361917 60.0
82 598.6986473170739 159.91115627103818 39051.87514376234 895.3386309917919 60.0
83 245.17304827880002 161.0893747675036 2677.809346121971 392.7068826427763 60.0
84 927.3276096641199 160.92137445021933 13439.297517153884 432.90737956758284 60.0
85 1531.9079904145933 161.60322742158573 12346.103395180617 380.83405083353335 60.0
86 901.2369580326653 163.99559133010476 7811.087305947104 413.73194401327737 60.0
87 135.21382911802004 164.602971278114 32866.4660423663 963.2305911361527 60.0
88 1200.9005916009173 169.7315831153936 527935.974618833 8300.74714310334 60.0
89 593.0588564413546 175.5685371159418 73638.52880452326 1563.1742492731073 60.0
90 958.3071429179432 175.92782564138935 7463.011767897138 378.3513401610625 60.0
91 449.7081922012198 177.36838246130813 86943.10113474567 1991.7632862742207 60.0
92 918.5283622233918 178.48714965391696 32888.63300925454 661.4576326765149 60.0
93 1382.9121295438897 180.33942985528788 29489.308176815233 550.3103778195045 60.0
94 739.6559180091261 180.89446653690956 54901.7908440563 1023.3135831711803 60.0
95 1517.708002128003 180.84413094019558 9825.300150325269 385.20704466692234 60.0
96 87.1406469256766 184.14053850787045 45619.82096398171 1509.230649774173 60.0
97 203.71544661437272 184.78243150888426 5827.462598065207 436.8199135740564 60.0
98 616.9933278151537 188.72831559364488 17995.404877318753 531.8343103050844 60.0
99 417.0181358775761 189.1148817037298 4237.593536095505 401.5825992018388 60.0
100 1367.8815117672798 189.41611537483828 71340.75453866075 1088.6776291809708 60.0
101 1196.8972086027318 190.57343543255 18734.418952258427 428.66024205071653 60.0
102 817.5876329171359 193.40817968057783 10699.110504111966 408.45130489210885 60.0
103 1501.1097301187128 194.2447841629069 39720.62923484505 705.8639086385109 60.0
104 112.49559389929627 195.17628614104092 17669.167926376675 705.6254812992015 60.0
105 269.73681299328405 195.5457138964056 19909.2726402581 680.1241104484438 60.0
106 40.186603078922346 197.08030275495835 34526.83696971272 1281.445216544681 60.0
107 883.1612796571623 196.66546076099232 86124.73480973857 1441.7933333514104 60.0
108 982.8777513331434 199.21219708381548 10953.480315723218 403.98396019641865 60.0
109 467.4056568045437 200.3565821672215 36141.08791347995 966.520823895683 60.0
110 539.7258644890915 199.94264485315466 4087.494468068971 372.875953087991 60.0
111 620.094588510187 199.78116653075034 42149.01044054177 809.2305451771027 60.0
112 567.6770997054787 203.15506745240938 399192.9219014804 8296.065829222276 60.0
113 500.4174743578964 204.23465891582464 106243.82149219507 2242.502456232757 60.0
114 1178.0042613319206 204.9182383313622 11237.298955016402 396.224207360915 60.0
115 1251.8291780285833 205.3646132412385 13931.430160418326 389.2920720761099 60.0
116 1198.818814018887 208.72600755378684 77868.38625093743 1183.0042293085858 60.0
117 1210.9732072111638 209.9716324068299 30883.026734731455 552.8105044577162 60.0
118 320.9261594477726 211.57004401235133 102397.01032157498 2525.246305741661 60.0
119 556.5734667755341 215.99224079631057 16252.27987293821 484.39515210447877 60.0
120 468.21576710601374 217.96831855738938 2694.730201841525 390.35861100086714 60.0
121 1227.883388420483 217.9347200366769 222857.82675583148 3313.8170377196707 60.0
122 1541.3470626298022 219.28332374987244 171151.4240151493 2493.8435850886035 60.0
123 706.4063337339197 220.8697862646191 18551.772714642182 515.2261854133424 60.0
124 244.3092634011966 221.95947134218724 134665.58732195105 3222.002565763626 60.0
125 1473.154344603117 225.4999767037729 127447.10905881012 1837.3114264583562 60.0
126 575.9912870811739 227.41887428609155 10703.093555616138 419.80680283047565 60.0
127 344.42272128062086 227.18555048468133 1610.7984313398592 383.02116924108446 60.0
128 517.4836443311065 231.75201782538875 4803.1261550736035 413.614012338639 60.0
129 359.23892401401224 234.22752337308546 3824.9736549666086 431.6876498662825 60.0
130 1012.2509982395048 234.4312398701563 142472.26819474692 2087.2241620081036 60.0
131 46.983664724774805 237.24921912867626 4916.54888142453 690.384238531382 60.0
132 587.9154062658655 239.0923525262191 2548.56098694919 374.5336673037636 60.0
133 1308.5357160849296 239.14215083477546 123196.12548793957 1694.7342093198781 60.0
134 1549.2947505698405 240.65572355866988 55753.62894026609 831.4872861951237 60.0
135 1144.1065947881882 242.50159087491085 10276.287668335746 366.4785108261264 60.0
136 170.50518953888258 244.34565080909192 6443.622428729049 467.61487778262233 60.0
137 663.9626067484359 245.88351237984222 5042.1192290562485 387.232808965028 60.0
138 1431.6255680098375 245.80994259434368 8248.485890057858 381.18528050637485 60.0
139 225.7418584562424 250.33123291342028 49031.936161650134 1210.398414858625 60.0
140 689.0340583967511 250.07380282259533 9335.654060039498 429.77224779627625 60.0
141 238.36668103095977 251.56894204375803 80866.75212339072 1848.0893831060898 60.0
142 423.36787686475697 252.2837951171388 47426.9680376366 1211.8461153690055 60.0
143 558.434546316492 253.29407944995236 123007.12044329339 2438.1726747661774 60.0
144 775.0440359371516 253.51302136377421 10915.28453805474 433.59023352526685 60.0
145 1310.18142971328 254.55906184034058 17442.771871008168 398.2102920942566 60.0
146 167.15688360028258 255.18990868822607 11925.167096379108 527.8204498431467 60.0
147 1645.31506242327 256.4233319518045 265597.0578308032 2934.0762050224807 60.0
148 71.03956420131637 259.9695093087627 15049.611092218918 1046.2373090252954 60.0
149 1409.8730521447933 261.397590938705 18949.121957699455 449.6333041755974 60.0
150 766.9549579221496 262.4012449333518 29904.794246166355 594.1277109612073 60.0
151 613.9500733882596 265.4018041180066 13834.331620347444 462.9380528101365 60.0
152 1635.3211613681071 264.725716411799 338560.60167312337 4494.107699383069 60.0
153 1447.8383334756916 267.46823358406584 17893.331302950584 385.2191708824684 60.0
154 890.7747724277206 267.5109267868484 6469.275282746774 368.8083878660943 60.0
155 407.97912558979255 273.3742982779163 19559.04503787245 626.3138574120729 60.0
156 991.7973618217026 274.128527407313 15587.426608932223 409.71396791414344 60.0
157 1649.273365336979 273.90428765606106 279974.35513004934 3497.3367541015464 60.0
158 1509.7324193120544 276.0674384705421 8038.305494809987 397.445058321194 60.0
159 164.51760836121707 279.9937528980594 51730.71358684547 1267.7330983054894 60.0
160 31.78445245114245 280.582111151014 132107.38227851118 3928.4336104254708 60.0
161 178.6396467337401 281.43699596052124 117938.8906560572 2653.38245089667 60.0
162 1441.985584499044 281.3979647048493 84558.90290334469 1138.510394109856 60.0
163 245.36771719627797 282.2898724800711 108462.85684376227 2502.4521467183968 60.0
164 551.9121264491072 282.74816109414246 57885.35426314184 1172.9075875311974 60.0
165 966.0422242373803 282.499311593105 9253.891334860855 382.3243532772599 60.0
166 931.2485285435598 284.3109210332321 54853.20225193235 850.2878241582507 60.0
167 1397.50738133595 285.5511013789712 55253.046746453 827.7079336727531 60.0
168 1571.4971366262541 287.6390710859665 32638.728826227958 473.35377417013314 60.0
169 281.0512060407089 292.38600077015724 57335.7801559316 1357.4020225901031 60.0
170 370.5055321901123 293.4697992603722 11288.437085443691 507.87947228321565 60.0
171 659.7033818046948 294.27322812865646 20793.28352257199 518.3278035752093 60.0
172 909.1663333455367 295.002070526798 10246.542370372528 398.4971185503481 60.0
173 1251.582780183991 297.5092691642096 12063.204707166857 382.2601004872962 60.0
174 1331.226721275613 298.0451053270225 21170.699103555227 470.3692703747049 60.0
175 778.6665307239391 300.3122639204765 15329.649878601422 426.71790059427013 60.0
176 1454.332939944336 299.5484349938048 21071.85874801225 453.4704015162866 60.0
177 1421.3504645237012 300.5456298330595 12820.235943965044 394.961687708456 60.0
178 871.1418545755364 302.6150976056378 51306.870835262074 793.8297410110359 60.0
179 377.37083587332484 304.08702304586717 35872.01431417532 876.8997172810357 60.0
180 339.0445154911636 304.83156500259383 736.9015156301139 392.3592076659538 60.0
181 1607.2079935274398 306.65754891294085 131880.2995840977 1464.8974926839844 60.0
182 853.3228455139946 308.37402244483565 14043.938553790838 419.0544683749379 60.0
183 1372.2215691137644 308.85176564254505 14189.666704447853 418.8439229592326 60.0
184 19.8391591104232 310.0714669228117 7374.314431539735 732.9236479455434 60.0
185 182.034719231646 309.8694484112359 28946.773257267007 757.4673787008617 60.0
186 412.6759138918971 310.2315873051049 19943.744106418322 625.0058818456663 60.0
187 698.6021737019083 310.1790414292676 39695.59344443212 730.8008016088958 60.0
188 390.2639947779809 310.8140000833383 30814.44087359299 819.2137772596435 60.0
189 611.8718088477327 311.8162185114216 8477.716240378042 403.3219026103671 60.0
190 76.89085606042484 313.0393391965029 4149.171736785733 710.3731360499822 60.0
191 721.613172873608 315.57272913315467 10919.097265149489 428.87206525862535 60.0
192 34.49678341764258 316.8229771679238 13041.381038298656 743.9471079734476 60.0
193 955.2278382179413 321.3270328552705 9403.80650687125 376.20596982626904 60.0
194 1046.1127811997128 320.4629531319554 21656.50177165154 483.1139220370579 60.0
195 18.921889214472206 321.7590512638589 12138.676786082768 776.8498965737185 60.0
