src/V_band_aperture_sum.escv
# %ECSV 1.0
# ---
# datatype:
# - {name: id, datatype: int64}
# - {name: xcenter, unit: pix, datatype: float64}
# - {name: ycenter, unit: pix, datatype: float64}
# - {name: aperture_sum, unit: adu, datatype: float64}
# - {name: aperture_sum_err, unit: adu, datatype: float64}
# - {name: exptime, datatype: float64}
# meta:
#   __serialized_columns__:
#     aperture_sum:
#       __class__: astropy.units.quantity.Quantity
#       unit: &id001 !astropy.units.Unit {unit: adu}
#       value: !astropy.table.SerializedColumn {name: aperture_sum}
#     aperture_sum_err:
#       __class__: astropy.units.quantity.Quantity
#       unit: *id001
#       value: !astropy.table.SerializedColumn {name: aperture_sum_err}
#     xcenter:
#       __class__: astropy.units.quantity.Quantity
#       unit: &id002 !astropy.units.Unit {unit: pix}
#       value: !astropy.table.SerializedColumn {name: xcenter}
#     ycenter:
#       __class__: astropy.units.quantity.Quantity
#       unit: *id002
#       value: !astropy.table.SerializedColumn {name: ycenter}
#   aperture_photometry_args: method='exact', subpixels=5
#   name: Aperture photometry results
#   version: {Python: 3.8.10, astropy: 4.3.1, bottleneck: null, gwcs: null, matplotlib: 3.1.2, numpy: 1.22.2, photutils: 1.3.0, scipy: 1.7.1,
#     skimage: 0.19.2, sklearn: null}
# schema: astropy-2.0
id xcenter ycenter aperture_sum aperture_sum_err exptime
[from data line 587]
588 542.9538630286598 786.772801429449 70.00077478034001 450.78671216858004 60.0
589 485.707257784168 787.6775072939106 14295.419748799046 483.963496134143 60.0
590 838.2956035998609 789.5856359641958 37928.367377830364 494.94011428415513 60.0
591 900.046356565019 789.368408611064 24816.38637572086 472.4479927803969 60.0
592 868.1509669481976 791.4331681339992 38561.35069748644 459.075798990545 60.0
593 1078.9594322053317 792.509504927133 3268.127030945756 467.1747230229711 60.0
594 1279.7288243458934 796.033014005666 12814.977198628832 481.3520947143651 60.0
595 1309.6381375594276 796.0966248564106 110390.09044649873 789.759669302093 60.0
596 799.8560884906698 798.0167117300481 23339.471880506513 459.32795728240535 60.0
597 716.2890540242397 800.2917029670047 220425.4748782238 1385.4438607697987 60.0
598 1047.3331825159958 801.2496765494988 9896.637986736467 476.80914586124425 60.0
599 545.8309112485397 803.1967814466359 35330.713549888096 527.5681388111412 60.0
600 1506.2584894323898 803.2545529205076 181367.18011887802 1178.578382087794 60.0
601 826.6357096165758 804.4669202192036 70685.55123061541 607.023038800766 60.0
602 885.8934812011412 805.1061579843387 49947.33421350934 534.5178970157724 60.0
603 1331.7775432745555 805.8670106859661 6421.167779764444 463.02145757567945 60.0
604 362.61423374194464 809.3043589240867 -990.3238113055312 486.7851995872417 60.0
605 834.5062757644807 809.5896925367097 89944.40976868955 627.7588316863091 60.0
606 289.3692286774029 810.8927736158631 10561.762944166905 485.52831999658196 60.0
607 747.0632001965363 811.128731877516 433032.268475818 2771.426560227337 5.0
608 243.25375726945651 812.4800824548398 -2877.5237549020467 474.2325149723569 60.0
609 866.8372396576175 814.7796252157046 417149.84644557093 2219.277687449498 60.0
610 905.8924590477396 815.4122113342221 22477.621664341175 475.40521418540953 60.0
611 431.8915912381902 818.1507076710069 10681.599510459735 455.9925535376108 60.0
612 602.9518289186416 818.3960673860606 89937.24156551891 714.386186981766 60.0
613 563.018417891286 819.8925807091729 92005.99816440351 738.1756376795631 60.0
614 1020.2085424988159 820.9431655567693 4249.941043592447 452.9062910155003 60.0
615 1063.7631350566858 821.7624274050886 10832.810535389544 457.4503995274549 60.0
616 1081.6319625997082 822.899755320384 153583.5500501321 946.9157634370607 60.0
617 732.3105256317554 823.7651419320855 121025.06739381478 787.6202258769362 60.0
618 843.4794806959395 824.5629498871765 265967.7389419778 1412.761438764621 60.0
619 954.2012624119442 824.393920009821 10006.341907904338 452.51393575267707 60.0
620 907.7726748533821 825.685051417389 40230.9975494829 517.8381163330685 60.0
621 647.6481320579829 826.5458366624922 48329.3568499322 564.0604181250908 60.0
622 1588.9842964637185 828.2849926389079 13207.905936609735 473.389994821685 60.0
623 985.5916364256169 833.3610192435096 1430618.1458106926 7594.288726248729 60.0
624 584.1515311310242 834.1551471792608 121333.14307130361 856.4366575616618 60.0
625 795.4269677789486 834.8917298722466 355614.37837934017 2044.6504368055398 60.0
626 936.8438887048321 836.1399333916197 71555.40848731568 616.3727331606732 60.0
627 624.3320675586668 838.1545853315264 3227.040879393241 464.2680459129048 60.0
628 391.89976698043625 842.0503146033669 24670.9486541941 513.5388594006492 60.0
629 735.7769454550198 846.191946940678 78588.52127161389 605.7395283518609 60.0
630 32.11246157450696 846.9967492542456 28598.7392492838 789.7018605635942 60.0
631 500.4140091264164 847.6016835677981 4496.972537251184 439.56504128287446 60.0
632 858.7035365882062 848.5582346194699 73506.40923329856 600.6566534966374 60.0
633 744.0013129764272 852.0836305547177 73654.5200331239 548.2176723637881 60.0
634 886.3804065704825 853.048151903322 109916.28182620578 677.8039996841233 60.0
635 821.1512396485979 854.2864931355751 6259.991055954193 454.984866642613 60.0
636 144.81755046056125 857.3532500035212 -6045.027439550406 473.8500441743185 60.0
637 576.9853174801317 856.8389419829849 176881.01428174804 1204.514840421305 60.0
638 796.6155858070662 857.5259787366169 58298.771767182756 580.4415722046249 60.0
639 1070.1420029853405 857.5408621395047 4813.466026665625 458.1278182684981 60.0
640 1622.2188054788758 857.714205116134 43569.719198501945 571.6815284881602 60.0
641 1233.090455879292 859.7256972203685 19785.754739376243 475.1561766604131 60.0
642 623.4157681280777 860.6307909931237 57984.57604747698 625.5576092160137 60.0
643 235.771583440419 865.978937671182 3088.3345830860408 455.8959203900026 60.0
644 832.7082295486913 867.7601393748228 115943.88887622653 853.0875148797828 60.0
645 889.848316464547 868.8019466737318 121610.42056886278 729.4079571338494 60.0
646 1564.7373725493333 870.9496729011942 11146.350062676738 499.804415826747 60.0
647 712.352395352541 877.1610303037467 21592.33891975329 491.89770331938104 60.0
648 1328.6898103753429 879.6541622333959 7073.458820299076 478.56519359122603 60.0
649 498.1502866468657 880.6168371067896 583265.9147644141 3915.972223104815 5.0
650 545.5992878844842 880.9186514747709 15070.157614160824 480.941885205014 60.0
651 770.0962449613452 885.0224674083851 103618.44011114804 782.5733015175937 60.0
652 884.0785913614559 884.4815633290871 22236.61128756957 492.85978939995954 60.0
653 931.3536365409391 884.9448816313823 437113.1475481294 1967.8837779290964 60.0
654 468.1702009154799 886.3239626218738 19314.67459041061 466.97878213630025 60.0
655 1385.2379840589415 890.2924340220545 26092.77276646583 491.7760473815661 60.0
656 811.46311092304 890.96899117491 3573.0758677222857 453.68219253663636 60.0
657 1473.8395409445013 894.2323054445434 13267.755862823611 476.6288481518357 60.0
658 476.99567542344 895.9997213421324 31468.433279483776 465.8270685129209 60.0
659 574.3477086910785 896.0444509702264 39716.72840596945 545.7416151599393 60.0
660 685.546167948838 897.1461874103168 7438.275325626387 456.3033720228974 60.0
661 786.1624623288726 899.3265318352485 48632.615654124165 553.9429799720931 60.0
662 632.6356536234086 899.8618882765242 16391.793140786 448.9795952964558 60.0
663 1027.466436402221 899.7174034410565 7178.831345203689 467.8049225142035 60.0
664 486.89634178836474 900.9798949285944 37608.762495347415 496.6406912747693 60.0
665 524.97425183055 902.3630637603314 35956.53750351978 544.2782502875068 60.0
666 1110.075141980886 903.9689370870984 88586.16366955693 677.4814553064241 60.0
667 614.2962684532142 904.999742807899 213346.9980235184 1418.3129855963211 60.0
668 514.1418086892818 907.1035157106118 23513.826148063396 501.09239242452395 60.0
669 959.8358821342716 911.8770572748097 19953.969947840516 474.458174927451 60.0
670 105.76761119591436 914.9030697297309 20462.236003141436 539.5593409693574 60.0
671 835.7678273992528 917.0412385686583 330600.1448727462 1969.6117397163382 60.0
672 1330.360183169172 917.3411739120522 14003.412771185838 489.35885965380123 60.0
673 1035.7248557713797 918.474473399116 596889.7123751877 2995.305391372379 60.0
674 654.0303488497816 919.2816457183883 24384.63535294903 493.00285280572496 60.0
675 678.0203564143583 918.4607924844969 10033.738530846545 471.0059164582825 60.0
676 1225.1069181882285 924.5502982221399 5120.473667054093 452.446263510873 60.0
677 1203.2756572885403 925.8981383436541 4274.748131407766 480.14786540651784 60.0
678 960.860261175167 928.3799618480922 3314.899351617503 456.19044763750395 60.0
679 1526.646790892168 927.6810403370832 203674.798779974 1308.0109723043424 60.0
680 268.3163130423929 933.7756613495455 -7915.324692438484 443.89537760037285 60.0
681 420.8994590698568 935.1050062520917 7287.9372118679785 471.91059043027013 60.0
682 1394.116019516589 934.930268485903 14029.775115463064 474.2665487669283 60.0
683 991.721251744868 936.3463000548339 175581.88055549844 1087.3316471804121 60.0
684 1128.6704369724139 942.3441551937364 4036.1310857664043 456.5511696449535 60.0
685 1595.0276190188376 941.6631638803983 99761.78325611763 782.6050351638249 60.0
686 151.68752181105836 944.3430687536443 425537.96152386453 2780.480339101482 5.0
687 1047.5669536067173 944.1192106028863 32176.290638022172 511.2050803645795 60.0
688 1567.139829814592 945.0512962204979 9207.043706266844 511.58684170743425 60.0
689 786.3090957355871 946.7172765042678 -316.81441853052195 454.68827517077835 60.0
690 1163.5613705570952 947.7357663341974 5625.3507258533955 441.86392696549837 60.0
691 1356.5707538870251 948.3005366287426 2219.1973518132722 467.9146034175555 60.0
692 934.2290863596163 949.8043793697973 1901885.228812201 10038.458742784285 60.0
693 1399.0028177763918 950.6010384780623 124937.32963599492 797.7682555716892 60.0
694 997.3271470492891 955.8463832606135 32362.03608256884 491.1073893761243 60.0
695 171.71061721251758 956.762381697291 39401.29473933004 553.0564984242047 60.0
696 514.8839249247379 958.9255680236992 401427.10672009597 2579.206857355673 60.0
697 448.50173284349216 960.8989913174247 -1105.022580465736 477.6331550136246 60.0
698 51.417258500488295 964.8112582054541 11699.395006418592 554.9637347699653 60.0
699 1043.1251229018487 964.853117449316 82552.47907839567 642.0749127170653 60.0
700 965.2474513871267 968.6398101066235 1436.2128002777545 449.7402196753072 60.0
701 1600.9520363038657 969.118242582188 85907.10526206649 710.8394983433691 60.0
702 1152.5089411166448 971.5206338505334 3009.355337204189 434.85450730495484 60.0
703 551.6617179792312 971.6688501612942 21707.21202074531 486.4072162063613 60.0
704 62.03509804122538 973.5017355360039 12329.741750312041 512.6626360090074 60.0
705 1087.2244513448584 975.8472042221148 12549.670038687962 470.87477883070636 60.0
706 219.83116910650392 977.1338060823772 5584.162905043249 467.4539972605396 60.0
707 826.568053257808 981.2816182152128 10293.257616083521 479.30085187448924 60.0
708 1015.240667614006 988.5951702205665 10382.310689555201 479.8897215708291 60.0
709 240.8206304310111 989.5986466003541 3679.25162218027 478.77154484294084 60.0
710 918.4302645284887 989.7622602487089 5930.261377123373 464.93830665168775 60.0
711 1071.660967243625 991.7526881068036 165490.38877022767 989.4618000381516 60.0
712 939.2079521980905 993.4142803926125 14819.914319466807 487.45948804563693 60.0
713 290.536843273049 993.9828109668915 13052.15297492065 499.90121530900905 60.0
714 588.7372427646814 997.0595073898247 210827.22949220956 1404.6233603073326 60.0
715 693.9976869826733 997.1200888192166 22082.745035981025 493.08353781457294 60.0
716 1039.635074232371 997.3502975894512 50540.491696410216 558.3024645081792 60.0
717 752.2955076817301 1000.2842172475126 46187.852701657626 549.334412069954 60.0
718 1353.721261203241 1001.8384592464715 469859.15021478594 2427.274445018991 60.0
719 503.0474021974909 1005.3345772258942 10654.59939582038 478.29205736724447 60.0
720 984.2016097273078 1005.107792197127 12867.188212082649 476.35187539885817 60.0
721 686.4719103922549 1007.0885922404906 30397.613589282577 489.6614180177168 60.0
722 1252.2742595562815 1008.3246515507665 11326.620009837345 468.4832798322386 60.0
723 204.60334694553106 1008.6993829444513 -4553.957336819594 470.79394552510774 60.0
724 1145.136471794591 1009.7669975069903 18199.468638510312 479.1653303618461 60.0
725 168.52506751585943 1012.6104690269572 -4585.779966530566 493.6219698479623 60.0
726 605.0946356641185 1014.0983568054505 53405.730058292764 619.3586428358038 60.0
727 1372.473954954218 1014.6132751109911 13408.981283298006 462.5729267032481 60.0
728 779.4219356198179 1018.7851911764797 82897.89579045001 757.3509730667765 60.0
729 1132.5628584802719 1025.3166363122978 49160.45402533363 559.0949091159263 60.0
730 980.4413729699963 1025.693610310982 62961.15101897082 582.8156719531365 60.0
731 1098.187571984217 1026.5202166101235 14230.83246187029 470.5683985680208 60.0
732 499.7552314314975 1028.1192049692568 3331.981457533421 452.5247136496956 60.0
733 1502.7548290527347 1028.967123704119 23484.345022314563 520.3275472666539 60.0
734 571.9606808962282 1030.1463941046516 12122.861952870602 487.5401048015345 60.0
735 866.683817257396 1031.6145737345735 108692.06455376516 833.4149850398101 60.0
736 115.61989290612009 1033.2350614096656 61974.1373120951 722.4393510125026 60.0
737 1627.9802232478557 1033.2506715848876 43527.09360087113 598.8607822436471 60.0
738 544.6499187358437 1034.5820858937568 15135.240454267534 503.77635992667643 60.0
739 713.5152940009228 1037.6682545837841 172.5614488704142 474.70343616115196 60.0
740 144.38147372479904 1041.0613178721105 130530.06946623861 1159.674612393813 60.0
741 1530.3565057204155 1041.8374428425548 10427.358247470347 522.851438721728 60.0
742 349.25531778288547 1044.5835230778512 2165.718528579588 483.6611833128352 60.0
743 192.84953052237617 1046.3190601745728 50551.45735918703 700.473793882828 60.0
744 1123.958410074987 1046.5469807885052 17457.746937755917 496.9861454893467 60.0
745 1420.7456080838404 1046.1559698993988 45368.55476121101 549.4070857045982 60.0
746 89.32393527993419 1047.7601366986144 -2992.3178630325174 492.61610474333867 60.0
747 1101.1877866713999 1047.3977871128793 -2726.5095237647884 455.71024143795466 60.0
748 543.0045145684788 1049.693201537183 29323.251370117512 534.8823346837213 60.0
749 1010.4690138288037 1051.8321687287346 6455.909152883451 466.7750303822749 60.0
750 578.2821874072941 1055.8140553107514 40212.263604135864 543.2312010444286 60.0
751 289.87784943796197 1062.3140387415735 26664.511734272146 562.5253136723358 60.0
752 1148.4420988527277 1064.0207451522995 18108.220129805268 441.3919309767326 60.0
753 480.94327507200967 1065.1750637612402 35681.70261500921 573.6148044441325 60.0
754 922.425764352494 1068.7929365166938 52827.23888810283 575.8272664578844 60.0
755 541.1701692361167 1071.1402343789887 25216.04715143072 512.8637408181539 60.0
756 1011.2323903482704 1082.0058618728026 9321.313287456598 480.0368862467904 60.0
757 83.61972727171549 1085.8256422794873 31374.62103045072 648.5209402055937 60.0
758 498.007110963507 1085.75825190933 65151.87183387707 674.79482486627 60.0
759 1258.3673842416674 1086.6409127613338 4619.267793630634 452.1005084377903 60.0
760 598.0548703748979 1087.6091071333499 -374.9849998256748 476.43215689376524 60.0
761 1071.3302517469967 1097.8714671773016 12173.79045025896 477.6183454136005 60.0
762 1129.322825557253 1101.1377860508062 1209.5984179176057 468.40576914997985 60.0
763 751.8712160310315 1103.137886211464 66755.44191305262 651.4339420038539 60.0
764 465.61874263710297 1104.9771319075755 -6902.164931385483 479.8153904145416 60.0
765 1192.3987731072818 1106.3234072057273 41318.917974917 558.7373914293464 60.0
766 394.13175282045955 1108.3344140457912 28047.045635617513 540.5127757190626 60.0
767 246.50495350962643 1109.7048730982008 -2911.023161414487 469.3084029415408 60.0
768 313.70919353365963 1115.2306916572757 408.7507750157688 469.78278173391396 60.0
769 554.0572710919754 1116.2336310367111 -3789.9015994157953 462.3224249866903 60.0
770 1229.3393732747923 1115.5591145745816 3225.063040783223 469.75460305234196 60.0
771 1422.7758311986531 1116.949103746085 10005.982083503792 507.8827479269678 60.0
772 624.546621990196 1121.2390024033516 12498.002391807026 507.7988886626316 60.0
773 1451.7628795182413 1120.656851496707 1810.687831720155 511.6341149987171 60.0
774 399.70575646881093 1123.7122033242392 -4513.182755685654 461.010347202349 60.0
775 210.80301356112759 1128.363745554193 6505.663672211749 491.70761225510273 60.0
776 310.71233559443596 1128.1186298598643 22723.21898940619 559.0254916544488 60.0
777 469.7314972675677 1136.2537409416739 41976.32180229268 644.0994686344372 60.0
778 1229.5347698267753 1136.1449583237265 5940.53551989165 466.39948488880344 60.0
779 1279.1270509363676 1136.497444486334 31704.606056972876 535.462813518848 60.0
780 155.34817619948006 1139.9435985369628 -2595.697064252831 501.37276857521596 60.0
781 514.003226788706 1141.8844465102443 577703.1763876299 4433.74818070425 60.0
