src/V_band_aperture_sum.escv
# %ECSV 1.0
# ---
# datatype:
# - {name: id, datatype: int64}
# - {name: xcenter, unit: pix, datatype: float64}
# - {name: ycenter, unit: pix, datatype: float64}
# - {name: aperture_sum, unit: adu, datatype: float64}
# - {name: aperture_sum_err, unit: adu, datatype: float64}
# - {name: exptime, datatype: float64}
# meta:
#   __serialized_columns__:
#     aperture_sum:
#       __class__: astropy.units.quantity.Quantity
#       unit: &id001 !astropy.units.Unit {unit: adu}
#       value: !astropy.table.SerializedColumn {name: aperture_sum}
#     aperture_sum_err:
#       __class__: astropy.units.quantity.Quantity
#       unit: *id001
#       value: !astropy.table.SerializedColumn {name: aperture_sum_err}
#     xcenter:
#       __class__: astropy.units.quantity.Quantity
#       unit: &id002 !astropy.units.Unit {unit: pix}
#       value: !astropy.table.SerializedColumn {name: xcenter}
#     ycenter:
#       __class__: astropy.units.quantity.Quantity
#       unit: *id002
#       value: !astropy.table.SerializedColumn {name: ycenter}
#   aperture_photometry_args: method='exact', subpixels=5
#   name: Aperture photometry results
#   version: {Python: 3.8.10, astropy: 4.3.1, bottleneck: null, gwcs: null, matplotlib: 3.1.2, numpy: 1.22.2, photutils: 1.3.0, scipy: 1.7.1,
#     skimage: 0.19.2, sklearn: null}
# schema: astropy-2.0
id xcenter ycenter aperture_sum aperture_sum_err exptime
1 558.5821422495022 1.553447827399145 10657.95997622569 426.03888159244354 60.0
2 215.4588279399274 3.983022591080132 5959.6217360672545 438.5733773095912 60.0
3 981.2018783118364 5.161590232085893 3444.7061027315535 424.6000163357705 60.0
4 1373.7256085823674 13.534586033156419 32104.60488604945 487.5953413348466 60.0
5 733.2994363144586 13.335078874553421 14658.323578918962 472.76004349403223 60.0
6 1181.245040725141 13.348170003563451 13427.859191530464 474.3706218141523 60.0
7 336.13127255653905 17.162987601026444 10513.222918837244 514.3179091207006 60.0
8 788.9605066759916 16.500805548609634 109433.87795493258 993.6447854083261 60.0
9 144.72496142271015 18.682891776588065 8112.851458097207 474.3902779908029 60.0
10 1480.3157267921315 18.663356701882314 2676.385609487285 450.4876681664346 60.0
11 1366.7676792434581 22.887029930438892 69244.68046175412 732.5391833599333 60.0
12 1330.303303992684 34.07497432636191 16416.434568713717 477.31169958237734 60.0
13 1566.0664918751183 33.85256003308063 28821.56131936235 508.12960511687464 60.0
14 249.20921089678936 34.678567170889636 9326.871832060622 482.4137548969956 60.0
15 1130.0474708363538 36.953121679251744 10120.917323513619 464.1721636494023 60.0
16 1192.9436043616645 39.431716085267404 11428.180365894626 459.8884107539674 60.0
17 1342.1591085140708 38.86194153407492 14946.706303483483 482.42522208103316 60.0
18 37.64380804439485 40.20389055246637 148050.56404531834 1986.8188109325051 60.0
19 3.973214088286568 42.03674082923126 0.0 0.0 60.0
20 1247.0484061638126 43.05285995271526 6090.021202547445 465.75584175866146 60.0
21 357.7438939098241 45.14184371059124 31226.077790514988 530.4493763639158 60.0
22 1597.0587089933902 46.637623228454096 44019.61296003664 635.3652508035066 60.0
23 313.9775412423641 46.8114058059995 2814.157904567332 459.1206614085971 60.0
24 770.6620063096956 47.81470604394732 13348.044130356395 491.68090763951585 60.0
25 1513.8431752467714 49.730477579123 20801.285432435616 494.0840913288231 60.0
26 1606.230833809153 50.56478492854912 76148.04883352491 754.6902420093147 60.0
27 130.46592754220558 53.32804128211492 3822.005987597276 476.6012422756314 60.0
28 1632.679530012176 53.785856432346385 20552.27078479022 491.4685621055056 60.0
29 1145.6282544137516 53.71995644838461 36752.230977717976 539.5640546491836 60.0
30 811.7209897479356 57.65355077726047 32116.837780755734 517.4252673441482 60.0
31 342.03038063336606 61.84490290527783 1723.675920832285 462.4602670230826 60.0
32 266.62516517312963 64.28625576072037 5929.915185953024 485.90722970014724 60.0
33 1603.4158494801568 74.23118548357064 59278.34049648022 671.25644183456 60.0
34 885.3500559129981 74.88789080408165 6903.567319256987 435.1336041578999 60.0
35 92.93826429172181 76.33264373211028 46152.55713561895 601.5174834507994 60.0
36 783.8415037984801 85.20546836381467 6203.929773683131 450.6865593226545 60.0
37 1284.1242803796738 85.06483002976363 12255.924347366543 483.67695225189215 60.0
38 289.7577056371319 85.41981306621672 8636.199457040544 480.8725572370145 60.0
39 878.814528676026 87.28100425316288 22752.93284669877 476.27462589710336 60.0
40 696.8247992021144 91.10280339913609 149939.7765932051 1193.2284278215434 60.0
41 980.0800856923009 90.85942388230856 18788.522245937536 479.6622769617162 60.0
42 134.50112603090545 92.51813803194307 11992.571266506773 477.5512001756593 60.0
43 595.1282106549038 91.96309770181269 6628.03391634869 458.9494681315554 60.0
44 1483.6647200286195 94.10690076698104 60735.139790749716 683.8099740203457 60.0
45 824.5554846684126 98.5657341918581 129059.26605433741 1111.0251865933806 60.0
46 1203.9993095219431 101.36085501614383 15254.437705676017 442.9162317819356 60.0
47 1255.3208907349558 102.64678298672054 56215.64772850667 616.6309951733098 60.0
48 60.44415569993334 107.14324531462572 479871.9230405887 4089.461130178875 60.0
49 531.1411234803304 106.78809931097697 62468.60324761037 686.704653453182 60.0
50 1076.6268311339688 107.5944679927215 6942.164792820981 444.07745776296275 60.0
51 622.4726320944396 110.58009197099207 38061.05299101027 573.0471091846273 60.0
52 562.0808998569316 115.48367441881392 10189.03138817805 458.78684522837625 60.0
53 145.7501433723949 117.45724265244264 4421.6433349629315 474.5031278269682 60.0
54 236.2702968507269 118.85661348311828 4981.939573183006 469.8807249745402 60.0
55 1197.1605506585154 119.67472707440245 154572.56791339233 961.4748587832304 60.0
56 645.6229077485061 120.51492665260955 37382.90816769541 559.0782682875749 60.0
57 106.60222455674919 123.83501309776953 226866.799712122 1823.561203254875 60.0
58 1196.2056247606502 127.12065491326041 156639.39087865222 1058.7916017483228 60.0
59 926.6199691141948 129.92046238043065 6500.488131397016 457.54646450792933 60.0
60 1580.1893064408837 130.271808549265 33509.49054848692 535.6135424229077 60.0
61 733.1438294216265 131.91300994502822 6166.450574713607 465.357925827983 60.0
62 1281.851227623606 133.5303635621178 17058.466956773766 480.874327581246 60.0
63 173.13064152736047 135.82552095978068 4395.448412844291 452.3943105265413 60.0
64 1226.2351495802736 137.6970249599058 88974.56561238348 817.8345192651216 60.0
65 586.063299629983 140.5823266484027 5764.053864592196 461.09824508045466 60.0
66 850.6917668849139 140.32300983509657 9850.008911876963 456.2908937328813 60.0
67 1378.9758657252742 142.44017756936282 10994.664025260154 459.56545907644596 60.0
68 722.6374239455471 144.3110371174415 10024.221309348535 466.4292855071116 60.0
69 1478.7906168414945 143.83330541153344 20893.225890124388 483.93991124111363 60.0
70 269.94918597904604 146.09742183305377 11566.219080008294 457.20269956730596 60.0
71 305.5558497924141 147.2342144450547 6134.316309091686 456.40727204511455 60.0
72 399.96982302537333 146.67706764190146 11219.592803671825 480.6975522235481 60.0
73 772.0060933353348 146.78230831843445 4173.441696874889 428.37705542353166 60.0
74 1301.4600321506719 147.57187582268662 5381.892466900751 464.7853674001413 60.0
75 1362.8403321780318 147.31744537367325 10101.294844463955 452.97421548434284 60.0
76 108.2148867430402 149.80177742976383 12577.843129313831 487.92223876212006 60.0
77 490.599485377668 151.98748464300294 7534.036117175063 467.8657605286717 60.0
78 1032.9651072640067 151.42791567800927 43670.606825873765 575.3673805646939 60.0
79 1608.3635362503283 152.3375926949416 157728.37068463193 1413.366698563104 60.0
80 1222.5101882252443 152.81340042125777 17075.7528992565 469.0003782377805 60.0
81 203.64325809475804 155.07856241865082 12171.51493769265 488.553599840143 60.0
82 598.6986473170739 159.91115627103818 46938.5457388921 572.3808361710619 60.0
83 245.17304827880002 161.0893747675036 746.089698822613 458.0012341682124 60.0
84 927.3276096641199 160.92137445021933 16222.647867998949 461.37108973571503 60.0
85 1531.9079904145933 161.60322742158573 15679.421813604094 466.545377561264 60.0
86 901.2369580326653 163.99559133010476 8636.47940675038 447.5474524720592 60.0
87 135.21382911802004 164.602971278114 30812.05562176455 520.5913160953031 60.0
88 1200.9005916009173 169.7315831153936 770071.674248409 5493.063248302749 60.0
89 593.0588564413546 175.5685371159418 110476.1571096301 943.3529560347216 60.0
90 958.3071429179432 175.92782564138935 7476.668931314058 454.97688133175564 60.0
91 449.7081922012198 177.36838246130813 132213.5836662725 1022.0452344981074 60.0
92 918.5283622233918 178.48714965391696 40326.161092934635 548.4264241177927 60.0
93 1382.9121295438897 180.33942985528788 36867.62720371131 508.9362543202676 60.0
94 739.6559180091261 180.89446653690956 66501.56678444857 703.6043791396005 60.0
95 1517.708002128003 180.84413094019558 7728.221318218885 439.62266039932445 60.0
96 87.1406469256766 184.14053850787045 59136.63420385381 673.3724604097137 60.0
97 203.71544661437272 184.78243150888426 7383.830425031234 475.3175213507345 60.0
98 616.9933278151537 188.72831559364488 23727.10862646566 486.6735322034377 60.0
99 417.0181358775761 189.1148817037298 5506.275249766007 449.2004697734812 60.0
100 1367.8815117672798 189.41611537483828 81356.57838899951 779.1506325948219 60.0
101 1196.8972086027318 190.57343543255 18320.835305631022 476.90992589302124 60.0
102 817.5876329171359 193.40817968057783 11035.494484803585 460.58479606642425 60.0
103 1501.1097301187128 194.2447841629069 57428.02865922192 642.383277779404 60.0
104 112.49559389929627 195.17628614104092 23177.50128194789 514.0244138195566 60.0
105 269.73681299328405 195.5457138964056 27514.452527984944 516.8137471930598 60.0
106 40.186603078922346 197.08030275495835 38224.91708655369 795.549997713892 60.0
107 883.1612796571623 196.66546076099232 109989.91621865876 879.2559611116566 60.0
108 982.8777513331434 199.21219708381548 11748.313076771345 457.5562621549005 60.0
109 467.4056568045437 200.3565821672215 53929.33519714295 622.9837892772573 60.0
110 539.7258644890915 199.94264485315466 4234.511237949576 460.3628782328415 60.0
111 620.094588510187 199.78116653075034 54329.02514813795 597.3621516296272 60.0
112 567.6770997054787 203.15506745240938 586077.3186532579 3820.3560830346923 60.0
113 500.4174743578964 204.23465891582464 97917.9732197185 844.9905428130663 60.0
114 1178.0042613319206 204.9182383313622 3258.833946089836 439.87656209828356 60.0
115 1251.8291780285833 205.3646132412385 15936.16539706487 453.4212599845231 60.0
116 1198.818814018887 208.72600755378684 106598.3285268615 855.2699749361526 60.0
117 1210.9732072111638 209.9716324068299 32632.442627048127 494.3629512775423 60.0
118 320.9261594477726 211.57004401235133 98231.30119687744 839.0358706940791 60.0
119 556.5734667755341 215.99224079631057 27350.43547269334 799.762951006991 60.0
120 468.21576710601374 217.96831855738938 3000.434124499562 472.1709358980819 60.0
121 1227.883388420483 217.9347200366769 210933.09813897213 1510.6415589045728 60.0
122 1541.3470626298022 219.28332374987244 236461.0857780803 1805.3277386627485 60.0
123 706.4063337339197 220.8697862646191 22798.20520111728 494.1235229486383 60.0
124 244.3092634011966 221.95947134218724 133926.83024351049 1016.4902543763432 60.0
125 1473.154344603117 225.4999767037729 170899.4082174348 1336.5479015863345 60.0
126 575.9912870811739 227.41887428609155 1806.8033056822253 435.4273287642387 60.0
127 344.42272128062086 227.18555048468133 242.03984145900438 434.0856425205031 60.0
128 517.4836443311065 231.75201782538875 3952.9102339763513 451.08443293401615 60.0
129 359.23892401401224 234.22752337308546 6251.736194651996 462.08570851911895 60.0
130 1012.2509982395048 234.4312398701563 201522.83454264104 1401.8400809201653 60.0
131 46.983664724774805 237.24921912867626 -1506.6097840502778 585.8523215496842 60.0
132 587.9154062658655 239.0923525262191 765.34472443967 446.6456609991632 60.0
133 1308.5357160849296 239.14215083477546 179420.2641064836 1321.405231969631 60.0
134 1549.2947505698405 240.65572355866988 71820.92701904051 676.4897492001555 60.0
135 1144.1065947881882 242.50159087491085 10519.348237328766 463.0221929060878 60.0
136 170.50518953888258 244.34565080909192 5191.127715552269 462.8888150066409 60.0
137 663.9626067484359 245.88351237984222 5778.5225407453 451.1058778256441 60.0
138 1431.6255680098375 245.80994259434368 6927.420655430562 454.6072313020528 60.0
139 225.7418584562424 250.33123291342028 57618.92831295036 720.043613631157 60.0
140 689.0340583967511 250.07380282259533 11160.127230434891 466.4181435805315 60.0
141 238.36668103095977 251.56894204375803 114087.85049853145 840.8118728725178 60.0
142 423.36787686475697 252.2837951171388 60298.5885276616 636.9496915825227 60.0
143 558.434546316492 253.29407944995236 155766.81512475418 1128.5863514934508 60.0
144 775.0440359371516 253.51302136377421 10521.840258788001 457.7207375204807 60.0
145 1310.18142971328 254.55906184034058 24619.820142540302 503.7851629067702 60.0
146 167.15688360028258 255.18990868822607 13545.765701286422 496.47758769373667 60.0
147 1645.31506242327 256.4233319518045 387060.15789994004 2352.025783734839 60.0
148 71.03956420131637 259.9695093087627 5903.81970124205 485.1130470707226 60.0
149 1409.8730521447933 261.397590938705 14820.001718121133 471.08823679439973 60.0
150 766.9549579221496 262.4012449333518 25291.785039374932 505.1392388875095 60.0
151 613.9500733882596 265.4018041180066 15618.36617760086 444.07797612660113 60.0
152 1635.3211613681071 264.725716411799 485828.5358783009 3810.3624075009393 60.0
153 1447.8383334756916 267.46823358406584 24716.769289360287 478.9428822867408 60.0
154 890.7747724277206 267.5109267868484 7626.147912732786 449.7131589543454 60.0
155 407.97912558979255 273.3742982779163 25990.989042348014 506.3845957269461 60.0
156 991.7973618217026 274.128527407313 17188.89467948444 460.19036601481116 60.0
157 1649.273365336979 273.90428765606106 421242.571682894 2943.114597594713 60.0
158 1509.7324193120544 276.0674384705421 9741.299379144772 472.1577150279951 60.0
159 164.51760836121707 279.9937528980594 89647.85031041072 785.9094118988168 60.0
160 31.78445245114245 280.582111151014 201785.35792424262 1647.599786066426 60.0
161 178.6396467337401 281.43699596052124 119044.36690087942 893.8807653502975 60.0
162 1441.985584499044 281.3979647048493 108344.22010304825 839.0206045823961 60.0
163 245.36771719627797 282.2898724800711 149161.46906878057 1022.3775550192851 60.0
164 551.9121264491072 282.74816109414246 70944.12001213482 685.3291966397396 60.0
165 966.0422242373803 282.499311593105 9640.520496616842 454.17672643594875 60.0
166 931.2485285435598 284.3109210332321 71045.09909022512 674.2769904911734 60.0
167 1397.50738133595 285.5511013789712 59402.88113186137 616.5756406991309 60.0
168 1571.4971366262541 287.6390710859665 43026.54182664148 512.9692306416896 60.0
169 281.0512060407089 292.38600077015724 72156.61523391002 662.2757662905624 60.0
170 370.5055321901123 293.4697992603722 16035.935685123499 479.1931525535225 60.0
171 659.7033818046948 294.27322812865646 26312.743851134455 485.66270162811253 60.0
172 909.1663333455367 295.002070526798 11425.291138424906 445.94872244294186 60.0
173 1251.582780183991 297.5092691642096 13338.693189301743 470.57558269502243 60.0
174 1331.226721275613 298.0451053270225 31061.40128816073 497.925219644537 60.0
175 778.6665307239391 300.3122639204765 19901.983153186193 473.1700009289545 60.0
176 1454.332939944336 299.5484349938048 12613.584214245582 458.7805193575599 60.0
177 1421.3504645237012 300.5456298330595 15637.132634708092 469.16059306430964 60.0
178 871.1418545755364 302.6150976056378 51854.4838842915 580.0344354437432 60.0
179 377.37083587332484 304.08702304586717 48193.70427235133 552.896322740156 60.0
180 339.0445154911636 304.83156500259383 -1507.0407295504892 444.04405453349415 60.0
181 1607.2079935274398 306.65754891294085 148631.90291477888 961.7556606489436 60.0
182 853.3228455139946 308.37402244483565 8715.562534713634 437.1135431939219 60.0
183 1372.2215691137644 308.85176564254505 16044.549567744776 453.18979648938824 60.0
184 19.8391591104232 310.0714669228117 -437.8698176418426 270.79134447704826 60.0
185 182.034719231646 309.8694484112359 32994.82932286463 513.6698345614144 60.0
186 412.6759138918971 310.2315873051049 24249.97448172717 475.46730797370236 60.0
187 698.6021737019083 310.1790414292676 57441.25075372109 591.6359842809558 60.0
188 390.2639947779809 310.8140000833383 35730.664762988425 529.8311754681296 60.0
189 611.8718088477327 311.8162185114216 9761.23792249971 454.26492895741166 60.0
190 76.89085606042484 313.0393391965029 5072.667160531037 496.4661124213091 60.0
191 721.613172873608 315.57272913315467 11777.012095448528 445.8318793860389 60.0
192 34.49678341764258 316.8229771679238 10701.687611375206 655.8591644056489 60.0
193 955.2278382179413 321.3270328552705 9837.11201237143 446.0213545056345 60.0
194 1046.1127811997128 320.4629531319554 30412.495611166338 485.4467276785006 60.0
195 18.921889214472206 321.7590512638589 2564.2469485091074 244.6858557143062 60.0
