src/V_band_aperture_sum.escv
# %ECSV 1.0
# ---
# datatype:
# - {name: id, datatype: int64}
# - {name: xcenter, unit: pix, datatype: float64}
# - {name: ycenter, unit: pix, datatype: float64}
# - {name: aperture_sum, unit: adu, datatype: float64}
# - {name: aperture_sum_err, unit: adu, datatype: float64}
# - {name: exptime, datatype: float64}
# meta:
#   __serialized_columns__:
#     aperture_sum:
#       __class__: astropy.units.quantity.Quantity
#       unit: &id001 !astropy.units.Unit {unit: adu}
#       value: !astropy.table.SerializedColumn {name: aperture_sum}
#     aperture_sum_err:
#       __class__: astropy.units.quantity.Quantity
#       unit: *id001
#       value: !astropy.table.SerializedColumn {name: aperture_sum_err}
#     xcenter:
#       __class__: astropy.units.quantity.Quantity
#       unit: &id002 !astropy.units.Unit {unit: pix}
#       value: !astropy.table.SerializedColumn {name: xcenter}
#     ycenter:
#       __class__: astropy.units.quantity.Quantity
#       unit: *id002
#       value: !astropy.table.SerializedColumn {name: ycenter}
#   aperture_photometry_args: method='exact', subpixels=5
#   name: Aperture photometry results
#   version: {Python: 3.8.10, astropy: 4.3.1, bottleneck: null, gwcs: null, matplotlib: 3.1.2, numpy: 1.22.2, photutils: 1.3.0, scipy: 1.7.1,
#     skimage: 0.19.2, sklearn: null}
# schema: astropy-2.0
id xcenter ycenter aperture_sum aperture_sum_err exptime
[from data line 196]
197 286.2726487185626 324.2513095381528 3977.6218020740143 472.0801658191731 60.0
198 1116.451650253048 325.44831810991786 19262.15577295442 464.89977684742735 60.0
199 183.77008954981014 325.3885918830198 2607.766340040357 458.8488672160848 60.0
200 88.92124679570813 327.9054595471546 32109.648151940793 540.1099152826188 60.0
201 79.71154470953776 333.0943575250146 93993.49478368205 781.9831855378039 60.0
202 943.8271166661557 336.69146750222325 25807.98941721581 478.08543479617384 60.0
203 490.4063064647097 338.1690477533716 26920.780423972632 486.5116316107701 60.0
204 1346.1479189142508 339.38109748792573 9857.676297935619 464.91358091429134 60.0
205 760.5773174652542 341.56796585456794 22380.894071354287 456.9161840678639 60.0
206 616.1571958534896 344.4267029323549 6397.901072471653 456.95356521119766 60.0
207 1070.6216999791654 350.3020799303158 269307.9402135402 1686.2675931370807 60.0
208 969.2517595234161 350.82583880444406 13744.612018343803 476.0148426518021 60.0
209 30.412370948731596 352.6048630558465 789.5741765320715 582.9856523772082 60.0
210 1537.2443238523417 354.3054802209135 82159.9368962074 603.6616862537396 60.0
211 281.4431057538058 356.77643621409817 5090.020447049564 436.29866286856833 60.0
212 417.50729343286196 359.3166033756889 37531.561719899386 549.5088905181842 60.0
213 890.4488722012019 359.53880641441947 12684.562259377562 440.9803323455949 60.0
214 1313.0650970197019 359.81833930737065 10970.139775580177 455.8687947791641 60.0
215 1339.9949511588989 359.71369947018235 13961.769717328687 456.7705419002448 60.0
216 597.0779109362205 363.69716994663105 4688.460822879631 452.1623740625863 60.0
217 318.0114478776377 364.99648363178187 16338.607200059927 500.9390027261725 60.0
218 1231.8726914220756 365.9845830644823 33136.18400185512 464.174405344057 60.0
219 1522.9594540365777 368.2100513176415 1685167.750845841 11563.706587109502 60.0
220 247.0699654448165 372.45229781250714 183187.54307203117 1266.8237236096988 60.0
221 773.574353994505 373.0142776149795 12957.491678320523 456.1084917312253 60.0
222 1363.3427251642279 377.66210284039715 25911.544432651972 461.80118220626053 60.0
223 885.8893785856601 378.47030335222945 25226.499753869684 474.33853992551485 60.0
224 684.7754013256754 379.62335163492315 22558.351137642385 449.37524536599756 60.0
225 57.45080504043191 382.52713547173187 13019.600074420912 495.8634597414339 60.0
226 979.2186790906578 384.12659656291635 19309.636694559114 469.4763789848155 60.0
227 1354.7808999331812 384.69869801632063 29482.269570204022 471.6806027809643 60.0
228 1561.3138730752944 386.73136879033103 106705.80826512395 803.0136660326316 60.0
229 1190.9421463634972 387.10446875950413 26036.752250827227 469.0037013006605 60.0
230 451.1818564094129 389.9449318763774 5234.428457235484 478.61305625855476 60.0
231 677.2222646528888 392.2593173876378 91371.73339505907 1630.879023601011 60.0
232 421.0264529728294 392.8332139609398 263216.93644621456 1714.5106143163416 60.0
233 874.0016745695145 393.74211513168433 16382.438017868666 451.51053484579467 60.0
234 20.659871104760352 395.18107413957347 -2571.48754183256 346.93157980217825 60.0
235 526.0817801363875 395.6485218646141 32812.50936657816 491.497864928137 60.0
236 500.4539195531732 399.72530892595154 200769.32962101317 1417.7241091422297 60.0
237 1541.76543432612 399.8300849920916 628997.2536832982 4056.9062231849484 5.0
238 607.3345452189169 401.414588275286 23787.41850189356 466.2844165261889 60.0
239 897.3044629422193 403.5679133093696 21612.92482734736 461.2479193283297 60.0
240 259.10079385280005 403.9042581004868 -785.1022579065817 467.4185993916527 60.0
241 677.3965482267587 407.25291613759805 1401850.1515173903 8837.69687531888 60.0
242 1170.3082438834067 408.1691270053857 210535.2130995577 1370.202111468552 60.0
243 1459.0770221169369 407.8387091566884 10637.769044000988 448.54349124203515 60.0
244 522.3062498835565 408.5828928758905 14497.003467387995 469.44792976936037 60.0
245 1567.9985148828885 409.13564368960056 48511.169979742495 520.0023344698683 60.0
246 574.5172405869913 409.6180840579462 9985.64794513421 456.9441797316033 60.0
247 608.3461241900435 407.79042328372265 25501.69853147815 473.0843982753406 60.0
248 816.8996367447586 409.75779012465824 45306.846024340855 515.8372440288632 60.0
249 1030.0678392016684 411.95308947642974 126571.24016405724 800.6455885121418 60.0
250 461.82838032744365 414.0396279209958 12581.077193459852 450.7128014164847 60.0
251 451.4748639495685 414.8957637791097 17768.47187496633 468.5717187315066 60.0
252 849.9933543369747 414.86490343266973 10509.050453486016 457.06453853018195 60.0
253 1105.6530248240838 418.3348427478547 33219.878868743384 485.3691483278943 60.0
254 273.4017887518509 419.3006523505699 19723.453197699193 464.03977809372725 60.0
255 1471.5181746397893 420.46748384385234 8497.604816512907 463.6441255478561 60.0
256 622.2670236941103 420.9782513461169 74800.39484167797 645.8530203980802 60.0
257 801.8125376597606 421.28099866746317 25602.282939571225 462.9096233314009 60.0
258 1591.8933995992988 420.6298018533385 153396.58418370775 1173.723362002763 60.0
259 456.59820135259366 423.29753693030074 23477.05898706121 476.5576702459867 60.0
260 311.057817619142 425.88210001884613 35887.87517662087 500.23094188064096 60.0
261 1245.0291440439569 426.47292522044177 37763.29163375577 523.627399934343 60.0
262 1342.7846429841732 427.64581534414657 15378.581583539271 465.8112468343787 60.0
263 356.5487190521074 429.94663019436433 1596.7853681625136 454.6527964931749 60.0
264 753.9339489670184 429.5309639910084 42839.326161754 501.318194665563 60.0
265 1260.281250857924 431.3011085806664 41664.731077363875 519.7015827841101 60.0
266 270.05269380660764 433.21312094048056 22354.99775579525 471.53897720603095 60.0
267 159.6363632917205 434.24791119595136 -536.9276743752689 467.3274261051482 60.0
268 763.5898707455802 434.1841016651983 22970.264204893916 446.7522309317277 60.0
269 873.5076018177214 433.66847405358544 56264.20872840953 538.4930234004959 60.0
270 1580.4378331617008 435.0686648569574 18232.902229670373 489.0234185657564 60.0
271 979.5044336599206 436.59211243962613 27369.039157972136 487.1643993001838 60.0
272 1098.8170136870187 436.5670253918238 61093.271262211114 571.6783569476738 60.0
273 1498.1417588539725 437.20464863821456 16595.971600743476 479.65314466471887 60.0
274 600.8429286795592 441.1616447519323 11321.075093285448 444.69295194814345 60.0
275 712.7401483542259 443.2427513460456 6289.397556491227 451.89443636839763 60.0
276 1134.8399056485553 444.2174813738572 50133.434634923346 533.0810619419095 60.0
277 1244.3051520674953 444.1088100635699 17801.217901661785 460.30404399250114 60.0
278 226.964722382276 445.44771826931526 4837.361691217888 479.7448855029082 60.0
279 211.13264966064472 447.63800802686666 17872.289275160656 494.5325169604401 60.0
280 578.0342361466013 447.5758518704609 192783.76475175383 1303.148343932789 60.0
281 940.5737497182183 448.8637458924492 59423.873106507184 575.800373703515 60.0
282 780.0579343156415 450.27061486257236 64630.35033493504 594.3425263404899 60.0
283 858.9946110502968 452.2003057089047 166135.76871898788 1042.0482578296483 60.0
284 1269.8204160159817 452.02207718858904 7518.505149232239 476.70834180777877 60.0
285 222.55335695790617 456.39048517829065 8304.48068257227 466.4508119032296 60.0
286 632.6345633794931 455.898887114192 24815.889249798987 470.4549224828111 60.0
287 723.9939730462091 456.128130235465 19794.54646742528 456.42992649035256 60.0
288 765.1131537377391 457.3607873980856 96827.09311715211 768.9911925986509 60.0
289 1507.9438354485499 458.0370554556833 1380767.2916404586 9241.000237936794 60.0
290 683.051527509363 459.5020812362091 57622.178128922314 536.3069908721122 60.0
291 155.0744713101633 461.7707338656542 6489.159756782567 464.14414051756904 60.0
292 541.4038962704869 464.0091354057754 361901.7137530481 2297.8822070273313 60.0
293 1224.209139091994 463.8545111478273 17802.8754286594 473.58124482902656 60.0
294 498.1610949738695 468.7690224915144 81223.07679208269 626.6888879069695 60.0
295 864.667368870401 473.41072861603146 58162.78038283918 550.4639304280073 60.0
296 1312.2780801379033 472.6564432484407 549862.5152430382 3289.3463747764554 60.0
297 1344.4837109745722 475.6058743576501 8313.613739926193 449.5851923087289 60.0
298 444.7256716858843 477.27059624970616 265828.0265142824 1724.8018792469275 60.0
299 697.6883170754917 477.5292681728969 52553.60263375481 581.1998390977066 60.0
300 963.6364404555811 478.0348997834371 40114.02019380456 483.4197155999462 60.0
301 1084.8498861545606 482.3009856018032 25303.235430066226 478.257090346987 60.0
302 1526.5553662690184 481.8414088776426 9715.347913418027 460.02161925743854 60.0
303 644.2124531537257 483.39483203731544 22030.854395998642 474.5168189453037 60.0
304 1162.107316058273 483.5911505709046 35967.148395190554 507.4306548680276 60.0
305 759.9970182431643 484.3921336349385 1213919.2504823674 7307.136152199485 60.0
306 35.740464566160774 488.9412850677552 80522.659861202 1062.8582960426763 60.0
307 512.5744479783319 491.01085394985506 21816.71935862822 471.6636130196775 60.0
308 570.1092132541537 491.63729182913414 50811.73848715206 556.4564796220949 60.0
309 523.9169491142266 494.2993376164034 14369.885614653398 468.7593916184541 60.0
310 1380.3173324214201 494.7558206579167 20412.743974980596 468.65808796831425 60.0
311 651.9280066361235 494.8301894475786 58951.099088746254 572.1232526255437 60.0
312 126.68428543590993 495.8499953760694 38878.49721622705 537.5352187860123 60.0
313 790.8585045070886 498.6278540140083 11411.28659265507 458.0202066798344 60.0
314 342.7810787861095 498.42611310175545 8033.207195758814 458.75036871899624 60.0
315 1301.3408563145833 502.90831814861525 18181.239361673088 464.50103123491107 60.0
316 1501.4346681117133 503.2642244685092 28719.224382342676 492.31662641870236 60.0
317 597.1869893558852 503.89270764180304 25400.989629903284 480.71968441198976 60.0
318 85.14168560658581 505.4444561822942 19051.917203134373 494.3464372650453 60.0
319 821.9754872471946 505.5785207605675 255208.85702905816 1613.98285015071 60.0
320 583.255245680669 507.5112175600548 27193.203021836147 496.6125615400186 60.0
321 728.6341550495035 509.5909128447894 20927.187881777656 461.1070713260724 60.0
322 646.7771558546592 509.5381195043455 158011.0539755579 1062.2390524903456 60.0
323 918.6900955337127 507.8433492630345 2448237.214205347 13697.987258503585 5.0
324 675.5495770454042 511.4120344099671 14833.240016857211 455.745768927838 60.0
325 1183.756628995729 511.17722704579154 7251.789282985823 451.5113594095423 60.0
326 234.5205130512016 513.1682050120145 -894.4836517064293 469.65589998871815 60.0
327 172.7745219349225 513.5013288376298 5389.221425245033 459.92375856828755 60.0
328 1230.9938075016953 515.1333670074024 259200.51501358385 1509.0185782670712 60.0
329 1041.2009754273047 520.0072647617641 11702.188216230272 439.90601937435014 60.0
330 802.0256955418148 521.2164342212762 11769.291660858187 448.4140724827791 60.0
331 870.2534087274195 525.7021165569631 17464.02939279031 446.3085721079768 60.0
332 688.0216139429255 529.9700105638535 15157.595572829185 461.504576492203 60.0
333 1508.690728690293 529.9264106606867 14892.518456693557 474.9894253665211 60.0
334 970.1229610872234 532.1999112598968 50185.55176085674 527.7822104360904 60.0
335 1033.022834729101 533.2933797944079 13433.613963384481 450.16799162946836 60.0
336 1312.0540523392708 533.3647355997548 14801.22492546303 462.3629405231174 60.0
337 621.3128276912211 534.817205202593 30971.133460208024 490.2116946744399 60.0
338 703.5431794174943 535.2208831078118 60081.61891226072 542.3296420476382 60.0
339 915.1972527894053 538.3505856584856 311748.6974695471 1834.1329572721436 60.0
340 1421.5641604710845 538.3583971101459 259977.64993737979 1696.810311032058 5.0
341 374.2994668140502 539.1185199315975 8536.804276612664 465.3354292606242 60.0
342 679.6466525709496 538.1261921801658 14573.709779805804 453.9932006193045 60.0
343 1395.2061545581414 544.1177246501647 164947.16051573504 1114.1653037099222 60.0
344 720.9489074391655 545.9086321235088 72979.09289897833 559.89180366006 60.0
345 1020.9682167077751 547.226648270485 11778.875787695379 431.1376908879699 60.0
346 961.9978643209905 548.4067250362758 22484.602045362146 461.68986606906157 60.0
347 819.3292253289168 549.2137625771849 128495.96614106715 776.4015864733984 60.0
348 1121.9070784078503 550.1560499393993 36818.33575861143 486.76989551989845 60.0
349 27.92855008150124 551.4279554131867 -2149.732130194946 557.2908048915999 60.0
350 738.6191573013976 551.0859023631369 2852657.5452003223 16901.177431737757 60.0
351 765.156157388671 552.3580135032387 1402036.8604054397 8626.52350454707 60.0
352 791.446643025294 551.5280335447972 871740.3398286399 5353.090177061654 60.0
353 625.6905842841609 553.9761196371285 129533.98289633813 835.2016120661611 60.0
354 607.4163228144225 555.6881819463006 69903.98877975327 619.6550704141875 60.0
355 1258.9450107386251 556.9611083526469 16399.032350933776 472.67303487971736 60.0
356 812.2705621781614 558.9370591312688 159388.49605442805 994.6542392523992 60.0
357 463.24252928179146 561.4420365613532 22430.094161999186 473.74787268303004 60.0
358 1595.217974353146 562.5051915093749 31458.725502655696 500.37754691992484 60.0
359 246.7902757250926 564.8196642793461 37892.83349459041 561.6422764314323 60.0
360 727.9072280135432 565.1933727593761 270154.38372600125 1918.2708737631067 5.0
361 958.7162388448916 565.032184856517 276063.1216893317 1584.759881444956 60.0
362 589.552481784781 566.2201888305087 11345.325674968033 440.3076991347202 60.0
363 546.5075408319526 566.9232737959817 8951.94780073732 450.4500120771656 60.0
364 409.21614677775904 569.178487297199 2889.6510401996084 450.4620253407864 60.0
365 506.71646779170663 568.5272757272915 68270.3672958625 627.079878327338 60.0
366 1042.1903818025125 569.648175253914 2166557.6827265294 12889.887277975693 60.0
367 1141.0684440923806 571.2633417126984 216654.62305196238 1335.6192680976956 60.0
368 875.4115052507635 571.8010305520007 1406591.2092829074 7592.227373902342 60.0
369 1631.350373990445 573.55893547795 97946.79998143698 684.952212633047 60.0
370 306.0299994066228 574.8513755263178 3112.0936319369903 475.92748460703217 60.0
371 952.3433557711596 576.0873882012706 176962.07593257137 1248.4751297850587 60.0
372 1525.0725550108673 575.8148952068392 64402.74312140836 529.1300637452667 60.0
373 769.6013968736895 577.0100380511437 235472.4482832525 1425.5308681741706 60.0
374 162.0182159515126 579.4320074519954 -1290.7752976202833 464.648613104153 60.0
375 185.06562113087676 578.4507127223885 7686.171129668607 477.6319360848893 60.0
376 631.8127116048739 579.4355977540087 34453.861639843395 467.3257194359467 60.0
377 748.3799279364581 579.6137699491142 1109127.196166453 6702.183133061548 60.0
378 840.8113890281467 580.0507662407629 233858.99624923104 1586.589598462313 5.0
379 796.1436430948504 582.8130653802697 110224.96997525066 759.7198555770339 60.0
380 380.6325223241856 583.5995853255679 4348.876939946624 456.92197335009297 60.0
381 996.9698499205078 586.0868888791599 18688.744288549846 462.1687457596034 60.0
382 1355.5690196507817 585.7520867825962 98274.49061683842 749.2095141306331 60.0
383 445.3170245408215 587.4474534350077 4224.399148945673 446.7654949429225 60.0
384 775.8256589905583 586.3255984125256 106084.53933557168 641.6357458151622 60.0
385 286.8466249593415 589.6296146916393 3590.167817190986 469.27567930231817 60.0
386 644.7756467036758 590.0121698726962 43763.99587267342 503.32206555368674 60.0
387 972.8238060822819 591.420304224855 12190.906515163155 445.9249679273646 60.0
388 1375.195208129554 592.0973266893005 75982.9858415085 620.7072007255825 60.0
389 661.6795712064785 592.8064001419976 21066.132385207038 461.30352264964483 60.0
390 1236.783609874659 594.306090426293 23582.203451478043 465.58479181463775 60.0
