src/V_band_aperture_sum.escv
# %ECSV 1.0
# ---
# datatype:
# - {name: id, datatype: int64}
# - {name: xcenter, unit: pix, datatype: float64}
# - {name: ycenter, unit: pix, datatype: float64}
# - {name: aperture_sum, unit: adu, datatype: float64}
# - {name: aperture_sum_err, unit: adu, datatype: float64}
# - {name: exptime, datatype: float64}
# meta:
#   __serialized_columns__:
#     aperture_sum:
#       __class__: astropy.units.quantity.Quantity
#       unit: &id001 !astropy.units.Unit {unit: adu}
#       value: !astropy.table.SerializedColumn {name: aperture_sum}
#     aperture_sum_err:
#       __class__: astropy.units.quantity.Quantity
#       unit: *id001
#       value: !astropy.table.SerializedColumn {name: aperture_sum_err}
#     xcenter:
#       __class__: astropy.units.quantity.Quantity
#       unit: &id002 !astropy.units.Unit {unit: pix}
#       value: !astropy.table.SerializedColumn {name: xcenter}
#     ycenter:
#       __class__: astropy.units.quantity.Quantity
#       unit: *id002
#       value: !astropy.table.SerializedColumn {name: ycenter}
#   aperture_photometry_args: method='exact', subpixels=5
#   name: Aperture photometry results
#   version: {Python: 3.8.10, astropy: 4.3.1, bottleneck: null, gwcs: null, matplotlib: 3.1.2, numpy: 1.22.2, photutils: 1.3.0, scipy: 1.7.1,
#     skimage: 0.19.2, sklearn: null}
# schema: astropy-2.0
id xcenter ycenter aperture_sum aperture_sum_err exptime
[from data line 391]
392 617.0647497929583 596.6235895596852 292933.67926534836 1789.4989095516826 5.0
393 1591.3609518123228 598.2985180325591 10189.453462206231 500.50452349017297 60.0
394 846.034417950579 600.0767249874064 96564.16829801514 641.5921135053726 60.0
395 720.4674034549407 600.8404849765578 18170.338497743076 432.36388435355866 60.0
396 1223.4801333587225 600.647527665292 36552.7190472769 492.4692315786341 60.0
397 669.3907734961304 601.2781125093222 32137.189677221195 593.5866641239669 60.0
398 1135.1145311642774 602.8904540283822 102777.94737849371 734.2298774906482 60.0
399 1408.298002045613 603.3647050714 146062.22329653375 935.6910000382693 60.0
400 472.13715352452977 604.1154077365069 13423.722498874871 461.1315562334098 60.0
401 1236.7743645846303 601.6060520324062 25273.498621758074 464.5941598714632 60.0
402 920.6069503029775 605.174182989684 376795.09025635873 2606.0990693092454 5.0
403 1192.462705747229 605.2136789006128 17612.587010925454 454.65665880206234 60.0
404 1266.644259352572 606.3757081370012 18445.935254758562 475.1719720021338 60.0
405 763.791221253114 606.8749970902236 279755.00379451585 1628.7911994236376 5.0
406 52.80959594511165 610.2747757334652 24676.798893608575 532.0064117194875 60.0
407 680.0830627919784 609.760339397377 111294.91157428539 725.3064259553609 60.0
408 362.9970321368426 612.409280113931 3683.2290832491058 449.81127969300167 60.0
409 1388.9999875590768 611.474534057302 6963.158066012551 467.2656057877246 60.0
410 391.119882941334 613.1440077330539 238867.93784664338 1559.134639821273 60.0
411 895.5030478514484 615.0794395136749 82692.56545674603 590.0596812460254 60.0
412 697.796958614604 615.9904500397242 60199.69532198468 568.9448228935232 60.0
413 1421.5100030643732 617.1975194451722 23733.788499049773 490.5020123865837 60.0
414 67.75586395246845 618.152662566409 15790.974795539387 492.6848288754735 60.0
415 858.9730947374998 618.5654735102985 33427.36472268231 467.81741980207715 60.0
416 564.112986367042 619.2283391936289 112741.1386093375 840.4659856027171 60.0
417 902.3234956660948 618.6879354697221 102504.44366696713 599.3161780941706 60.0
418 1035.2010837155972 619.8931905172311 95341.9913939061 679.4815659844976 60.0
419 869.7462629179067 621.4721422142703 23107.188352997746 450.9900975401598 60.0
420 1127.672294554677 621.6749939032744 127092.6470014233 805.2543564467536 60.0
421 1571.2577914628964 624.3085120620246 53710.57679396145 581.2566107550351 60.0
422 623.9431556262359 625.187684513816 11955.447896977004 461.1472223714814 60.0
423 647.8478637713217 625.1190445233862 43822.063572268686 528.7228378789908 60.0
424 676.5081224106603 625.2733730614927 60269.16494451351 529.7869290335401 60.0
425 784.4716412334145 627.2101280936245 133800.93651293227 798.8129212028945 60.0
426 922.3681414346959 629.1115519000622 114396.96898800854 777.5068847041962 60.0
427 1052.1709773076814 628.9742573056674 423256.68079354 2446.3723868832453 60.0
428 1336.6662760514014 630.2944321800868 10094.486287563457 452.4261148589755 60.0
429 608.686855887686 631.585325689947 13359.766243322403 470.17727472666735 60.0
430 729.9605448166753 633.1271676312729 729299.5783316626 5053.411891201255 5.0
431 543.1005802154225 634.527260670442 13644.470353123492 458.28761646178435 60.0
432 1143.7975370483157 635.4770605904523 8907.57776753539 456.59473352031046 60.0
433 273.54061408690654 637.1030781010408 277071.33365604933 1414.8725821014789 60.0
434 1632.362137857994 637.3839376385064 150790.52960551076 1126.8999706409015 60.0
435 1437.297911675538 638.1026291105618 48281.820614018834 543.5297451714588 60.0
436 1523.4611570302761 638.636268359723 22328.490159621477 479.5069625215617 60.0
437 940.7276896692584 639.2624635295034 195110.31046917732 1151.7501792634898 60.0
438 774.3719489696493 642.2017686090553 85813.01442661547 580.3985112739417 60.0
439 787.7009336677087 641.8432752268478 58579.23578125684 475.8742312222984 60.0
440 1025.820655220848 641.770823511376 62513.84704018252 600.4551528834098 60.0
441 1.6623159691946934 642.7372884694122 0.0 0.0 60.0
442 701.428863506606 642.7456704410946 56408.61213001766 512.2201180449862 60.0
443 1122.6307683912626 643.0999187303826 166260.64568567357 995.2499077024943 60.0
444 969.6931382099597 643.9920564286347 84343.78411005178 654.663921856977 60.0
445 236.80537249553421 646.7602165757212 -1332.0688769793223 463.30051321989475 60.0
446 848.3909314389778 648.2913380327292 156416.56257296796 793.1169453005986 60.0
447 1247.2739969391698 648.0802019268094 34186.17679852262 490.3182339037017 60.0
448 1277.1768154569859 648.500157256345 19353.377411412708 455.7696206257252 60.0
449 1204.4903336186917 648.927090528499 27973.935889416774 457.14886263014847 60.0
450 878.180222338788 650.7761307188437 23316.550893157022 456.8641683864907 60.0
451 1499.3104023219448 652.3473378980356 8329.724284132673 480.7107270708001 60.0
452 775.5410558959092 650.542339368448 80263.6363908753 554.499657663667 60.0
453 820.663091293491 653.7583131565233 2939112.0396292675 14758.147413363065 5.0
454 515.8703839257048 658.8629416065592 6148.168623351032 460.14008166531227 60.0
455 1185.087959238374 659.1865771479796 187433.63845504046 1115.1613027033131 60.0
456 953.9887072566961 659.8226258429987 21394.129009999222 461.9242459230439 60.0
457 987.8718781385796 660.2526066268633 9836.151687371523 439.90753871997873 60.0
458 1300.3577197606855 660.1029078785102 45059.00940308097 486.05988082411045 60.0
459 656.3631741112295 660.7855731642709 9216.110312594135 467.9439215347311 60.0
460 903.4437414774153 662.6792583466793 30301.77309612542 493.2822375120887 60.0
461 622.5925616716264 662.653897612174 20092.83716258974 482.14201406106685 60.0
462 1581.1782260455227 662.8347760080628 70922.92323275993 640.9030702326309 60.0
463 495.5474431623315 664.9583262351863 25287.673610139886 483.1414377707109 60.0
464 791.6731025956817 666.1129428891456 148453.34134210582 811.5995063007289 60.0
465 430.53432964512285 666.9159497212921 7206.380072755128 454.6025713595467 60.0
466 1122.3985459260364 667.1241094267473 45724.9120279896 522.7827311997545 60.0
467 1154.9720196618596 668.8664832490825 12682.532159678132 446.1358866617066 60.0
468 1523.5841134178927 668.6786699227547 27394.343104396103 500.87090896008806 60.0
469 840.8262098383565 669.7338453373011 374973.4963647601 2008.6214307770463 60.0
470 884.1000270940335 669.6189126497516 1636863.689484669 9307.723261287416 60.0
471 917.9533136609903 670.98555946117 49535.72463166321 500.1092606281082 60.0
472 1647.992722423156 672.7315505742018 690020.0054898491 4691.714583944342 60.0
473 39.59960091507028 675.2799646253519 -5308.874886715101 671.0072760261692 60.0
474 942.0389391214871 675.2416492813471 12563.15411346325 453.80231948544053 60.0
475 24.24563061468776 676.6054993260717 -2388.0058663548834 480.55303208234164 60.0
476 758.2088392837409 675.5780108731416 798537.6426793146 4732.217698655828 60.0
477 1110.9789052423066 676.340359560468 33696.21063344874 490.0528864543783 60.0
478 121.93541423857725 677.6060561096556 -2663.3937904051104 447.4622368088632 60.0
479 310.05888383098227 677.6282359271836 38641.404716759185 565.5714387309924 60.0
480 776.9902337705582 678.3130338523199 91473.16429580346 529.1337316739932 60.0
481 564.9375360837577 680.4301491810327 59202.55604956573 610.4992049453741 60.0
482 59.47359484269428 680.5101331273149 -6252.182429232445 469.3885684184291 60.0
483 401.71217159966267 680.7718005197705 3570.6191177465626 440.06218412224456 60.0
484 1632.22711390767 680.9907056938671 29174.24551116622 502.6208329628615 60.0
485 1329.1194954313985 682.1800393464896 167700.38881626888 1034.191283286133 60.0
486 914.4814354304287 685.3093963472895 162395.37916024926 1041.6767437969006 60.0
487 874.0065211804625 685.7510712758295 505887.15243446897 2664.9891052667776 60.0
488 1109.2823893941297 686.7891438957118 43637.340186848 484.25380828261837 60.0
489 1093.5254629055612 688.1581667661088 178422.45058037818 1057.3366303782634 60.0
490 533.4662276586765 688.2821602420292 10512.838711205122 451.6734811680666 60.0
491 701.0732030474193 689.5399084873304 55060.33902182011 490.42732504197863 60.0
492 774.0014141624422 688.5742464920363 98739.82332497797 619.3184347084265 60.0
493 847.0495901961897 688.9796364784697 48077.02700821479 461.0966443120404 60.0
494 884.2371172467438 688.9409748383154 216932.3086383617 811.7187545278728 60.0
495 919.16826914749 691.3305479289598 238093.0461899371 1421.1717435137082 60.0
496 1452.9373088193602 691.9391120358966 83544.79408840739 667.1606966872731 60.0
497 161.5626323855628 693.0346745318999 -2676.5313859613993 452.9597966758658 60.0
498 623.8057906924302 692.9536963603903 81366.40672781692 632.0569549769111 60.0
499 1030.1643365540885 693.9359708737542 10678.009945006814 453.3960693739542 60.0
500 823.9608238526447 695.254646014361 45064.46793370747 463.01136481424635 60.0
501 795.1324267723944 698.1745096886891 32354.270928882368 463.20359458085176 60.0
502 676.7624300966196 698.8183243375322 28936.29174374468 479.0230448894749 60.0
503 746.8662352798178 698.622069908237 126707.70614368837 777.8735666563305 60.0
504 977.3966751253214 698.5154106732784 72836.10280322915 618.8807490928618 60.0
505 411.83890685590467 700.3769115545431 243341.21812577956 1618.2135741141394 60.0
506 729.9172852919966 701.0604980457072 210151.8349400612 1307.7543810705838 60.0
507 858.4736106793954 701.2491085141368 64254.254039281404 501.36251312005055 60.0
508 498.99003146861395 701.5007196792336 115702.8592195629 826.1087795566999 60.0
509 890.9853112487311 701.562845475694 29890.266195312346 455.98272697036106 60.0
510 1573.0282952543148 702.0057653846127 33614.13902176521 504.1272179149149 60.0
511 916.497751540926 706.3541896631124 1161314.941607403 6586.585641202759 60.0
512 994.390146380362 705.6910120932434 12818.942213787557 444.27487963662605 60.0
513 712.5078773755571 706.6642104951313 424367.3084505552 2719.0066126530655 5.0
514 654.4284221754191 708.9836113538478 16616.74922995457 461.6116784292138 60.0
515 798.6942637618532 710.8145017213626 35977.133728260684 479.30154358279685 60.0
516 963.1916627684288 711.3482272743057 119455.39585532021 850.0425998364369 60.0
517 574.0532366424669 712.2843250944936 19280.391220214777 487.5851288996376 60.0
518 1065.6085918557337 712.1374535810337 36020.55896837144 514.6092615693249 60.0
519 1513.7356093225562 712.8966331534505 1762313.5782413306 10201.852357264348 60.0
520 629.4316335429023 713.6267961699357 1068856.4088365685 6574.435826213501 60.0
521 1480.6144660133086 714.9442525302038 172747.7297178583 1069.1854315251271 60.0
522 358.29782638094497 718.4725167194927 7965.2462880000585 463.3405212561189 60.0
523 842.7304785239925 718.131794925869 1068998.3533333715 6501.585755186092 5.0
524 999.0814794411582 718.9064490421189 23223.464854413935 449.5787595055421 60.0
525 1642.9220538111515 719.3182537053082 58041.76922152833 610.8776724644777 60.0
526 524.2349271873971 719.6864435733482 13114.72001743755 476.4603398918575 60.0
527 706.4565782425384 721.7621110840936 622261.3571407066 3743.3824096556423 5.0
528 823.1227560287201 721.814792729557 2935924.016171362 14915.536435495296 60.0
529 915.169354253087 721.3578851441803 293668.81359079893 1646.8995156645533 60.0
530 1097.3467473906483 723.1592654387939 7962.5930272345995 454.23911302241135 60.0
531 1197.0717186257095 724.214995031665 35726.848237169004 499.4234133354182 60.0
532 604.0329395259272 725.9212656676993 79661.12474570944 678.0520654392204 60.0
533 1374.8505931064078 726.3644730305899 18637.62303568413 475.93176515062413 60.0
534 769.2698768810064 728.4113833561131 144220.49340901617 717.8406042932315 60.0
535 1599.1583626420988 728.3395167321145 13267.079502302306 484.6005105638139 60.0
536 1208.9861260684127 732.796901545519 44892.2865669122 508.4950986594222 60.0
537 1422.5811310976658 734.5961780921181 15469.181112886306 471.7472057804618 60.0
538 459.03236099390136 734.7286095675926 182511.99434516637 1290.5191341801512 60.0
539 653.8310371132209 734.6962830573387 781395.8945037322 4635.072059855853 60.0
540 1044.1228935051133 735.1641762271186 17949.883125808694 471.00871759968237 60.0
541 730.4799463385247 736.5251808061882 666716.9258390974 4405.874476348165 5.0
542 574.950817689804 738.8792436386836 26406.7986603814 494.2380530657821 60.0
543 1340.168356496546 738.5635289553587 1945.3580237927476 473.9500822303469 60.0
544 1226.0270728027283 740.4499055510273 15956.54383971775 457.35339540149454 60.0
545 683.9720964055379 741.0148538716844 65754.10522797264 646.755753681738 60.0
546 852.9404794655592 744.2377719389591 481914.36722734565 2485.6986623078433 60.0
547 133.73516864369364 742.1865228040328 69640.93594577628 707.1340070825715 60.0
548 1319.2390601729435 741.9967893695856 5399.7428301599775 452.6113833023215 60.0
549 709.4981974749537 742.312952004289 228620.2981722596 1100.7332316611555 60.0
550 932.7815683197366 742.840326966569 16217.733376767625 464.9265239369804 60.0
551 1030.1757740351882 743.0712054426997 10347.222171543774 450.66730870851865 60.0
552 1152.6095210162712 743.0672173374949 58472.088528382 504.73708760921784 60.0
553 505.0973472606093 744.350913746769 124825.87186102167 817.1850159598915 60.0
554 860.0520440207939 745.9038174057014 596491.6538045321 2571.2067556547863 60.0
555 1214.2537216145847 747.397619163488 21478.73651584664 477.3525796177032 60.0
556 849.2315351613541 745.617274452081 346003.83713549445 2203.028569204657 60.0
557 1250.0294145850448 748.4079328991621 48309.09570079222 521.3395046834295 60.0
558 365.72615395176325 751.6842613596449 54155.40013353586 625.036780021098 60.0
559 608.8070898230147 752.0122992848663 25540.908792023143 478.696166522519 60.0
560 656.9713145269708 752.2368167123617 53945.229019735496 577.7341523188835 60.0
561 1009.6609555655583 752.2900408939939 3002.4884400668416 448.0188686464018 60.0
562 686.4944193611917 753.3329548370508 206284.24752152414 1108.9916486334355 60.0
563 1182.229592582242 752.9124955446619 61186.99857878579 584.5448215989107 60.0
564 386.44132268941 753.9113134710145 17673.511865128712 484.2672266646992 60.0
565 1091.6370047199455 755.7197962472924 29866.678008830557 475.75116938050814 60.0
566 60.25114414626153 758.5197556636415 11472.61701235846 492.5463598954359 60.0
567 634.1289788032396 758.497419185747 8301.254855266667 462.1969476293689 60.0
568 759.5998761834809 758.0547177649703 242815.76948325493 1611.048346199884 5.0
569 819.5489810692939 764.2661953345704 124157.89848673604 853.6080362103158 60.0
570 1567.3295817511134 766.4997957645455 11586.939933327902 488.11752946028497 60.0
571 833.4971371609039 766.7465202585183 46892.0591811576 490.2769807977913 60.0
572 868.7296070599839 764.2414210330822 1754343.605176941 10473.389492350028 5.0
573 1024.1399859840885 767.1813149129392 3006.676077690585 459.5451627998973 60.0
574 302.4052305955814 768.3633925419289 2742.0315173063145 481.92486043683306 60.0
575 470.21807303805866 769.9506789292942 4310.199917465333 454.37195093075206 60.0
576 266.32085911488 772.4094805571857 10061.27490141943 486.67509990357775 60.0
577 711.7138765043046 773.4490302471612 181367.39307438897 895.2768198235673 60.0
578 808.9082364360057 772.9483897224185 732984.5490261423 4130.840095010813 60.0
579 1150.7919054978784 772.570011046415 17894.663293924048 453.2110530569002 60.0
580 719.279947915827 775.3981976144051 182251.19181354204 782.1347554587915 60.0
581 669.7330786867275 777.5541062331658 311922.5509339198 2037.4096723105145 5.0
582 1203.982518942986 779.2120523664069 6191.558006380079 471.4517633988805 60.0
583 1295.5086080998442 778.5074433251723 122900.47734947116 843.7855327207076 60.0
584 752.9128388174494 781.2715763695098 131937.85505394253 690.9441850864117 60.0
585 1621.036758228143 784.1597156145382 95633.69584930799 776.0159488043622 60.0
586 602.2876511844937 784.5967145211858 589141.0431266808 3466.5061800684675 60.0
